,Intensity
-7.86E-05,-0.62933333
2.18E-07,-0.3705098
9.60E-05,-0.34698039
0.00036601,-0.44894118
0.0008102,0.62556863
0.00142856,0.77458824
0.00222112,-2.6842353
0.00318787,-1.8842353
0.00432881,-3.1861961
0.00564393,-3.9156078
0.00713324,-3.4214902
0.00879674,-3.5705098
0.01063443,-3.8763922
0.01264631,-3.3948599
0.01483238,-3.7758044
0.01719263,0.42391184
0.01972708,4.5219357
0.02243571,9.6084634
0.02531853,6.0678085
0.02837554,3.719579
0.03160674,7.6225984
0.03501213,1.8396117
0.0385917,-3.8725183
0.04234547,-2.4549681
0.04627342,2.9471644
0.05037556,0.71819275
0.05465189,1.2189013
0.05910241,-0.029141189
0.06372712,-0.59456231
0.06852602,-1.8812836
0.0734991,-1.1520501
0.07864638,5.2166675
0.08396784,9.2954575
0.08946349,3.8451042
0.09513333,-2.6481178
0.10097736,-3.6744048
0.10699557,-3.4455213
0.11318798,-3.7183301
0.11955457,-2.0928312
0.12609535,-0.58471092
0.13281032,0.31975627
0.13969948,-1.1676649
0.14676283,-0.27834708
0.15400037,2.0308471
0.16141209,2.755996
0.16899801,2.1010212
0.17675811,1.9874914
0.1846924,1.4820732
0.19280088,1.4475117
0.20108355,0.056355876
0.20954041,-1.938453
0.21817145,-1.2114248
0.22697669,0.84920521
0.23595611,1.3179468
0.24510972,0.5398981
0.25443752,1.0640786
0.26393951,1.612057
0.27361569,0.11324508
0.28346605,-1.4637298
0.29349061,-1.7541616
0.30368935,-1.5031486
0.31406228,-2.2950043
0.3246094,-2.6709052
0.33533071,-0.85045931
0.34622621,-0.4179802
0.3572959,0.7128066
0.36853977,1.4438619
0.37995783,0.96734247
0.39155009,1.2910915
0.40331653,0.92491301
0.41525716,1.4295912
0.42737197,1.7855182
0.43966098,1.7338706
0.45212418,1.9883738
0.46476156,1.2235376
0.47757313,0.45896987
0.49055889,-0.085721526
0.50371884,-0.76347779
0.51705298,-0.97822048
0.53056131,-0.90249862
0.54424382,-0.28533182
0.55810053,0.041907367
0.57213142,0.14980718
0.5863365,0.41483822
0.60071577,0.6330789
0.61526923,0.99276452
0.62999688,0.78016959
0.64489871,1.0776471
0.65997473,0.86455604
0.67522495,0.62792028
0.69064935,0.17950449
0.70624794,-0.61402466
0.72202072,-0.5369809
0.73796769,-0.95407011
0.75408884,-0.82999818
0.77038419,-0.36868666
0.78685372,-0.78582185
0.80349744,-0.43434491
0.82031535,-0.23974603
0.83730745,-0.26477033
0.85447374,0.055288093
0.87181421,-0.048198222
0.88932888,0.42084916
0.90701773,0.11341063
0.92488077,0.58242736
0.942918,0.54946798
0.96112942,0.46943445
0.97951503,0.99330717
0.99807483,0.8504979
1.0168088,1.1076733
1.035717,1.058951
1.0547993,1.2062919
1.0740559,1.5261664
1.0934866,1.1715158
1.1130916,1.2168499
1.1328707,1.1994235
1.152824,0.84472696
1.1729515,0.80374055
1.1932532,0.51960157
1.213729,0.72172177
1.2343791,0.89245409
1.2552033,0.83572012
1.2762018,1.1946571
1.2973744,1.0437748
1.3187212,1.0418968
1.3402422,1.1733368
1.3619374,0.80280076
1.3838068,1.3577395
1.4058504,1.4969767
1.4280681,1.0950221
1.4504601,1.2812875
1.4730262,0.87930221
1.4957665,0.80671339
1.518681,0.62430533
1.5417697,0.34776429
1.5650326,0.54179617
1.5884697,0.15542056
1.612081,0.051382573
1.6358664,0.11203514
1.6598261,0.023652779
1.6839599,0.30388254
1.7082679,0.19978326
1.7327501,0.3388059
1.7574065,0.39938185
1.7822371,0.34229541
1.8072419,0.52833091
1.8324209,0.30650794
1.857774,0.57094416
1.8833013,0.51379643
1.9090029,0.24486866
1.9348786,0.37592558
1.9609285,0.15402599
1.9871526,0.13603265
2.0135509,0.25135731
2.0401234,0.060784299
2.06687,0.22313714
2.0937909,0.2678276
2.1208859,0.1791694
2.1481551,0.26304489
2.1755985,0.22141487
2.2032161,0.2189852
2.2310079,0.3812461
2.2589739,0.37878579
2.2871141,0.55670231
2.3154285,0.4600937
2.343917,0.6222933
2.3725797,0.50996777
2.4014167,0.4995877
2.4304278,0.59115309
2.4596131,0.4395659
2.4889726,0.38208103
2.5185062,0.45791417
2.5482141,0.21216336
2.5780962,0.28796586
2.6081524,0.19120401
2.6383828,0.14148566
2.6687875,0.17018335
2.6993663,0.10474808
2.7301193,0.11772886
2.7610465,-0.041854714
2.7921478,0.073056196
2.8234234,0.34481453
2.8548732,-0.081481682
2.8864971,0.37063816
2.9182952,0.046272085
2.9502676,0.10620441
2.9824141,0.13474887
3.0147348,0.022101527
3.0472296,0.317282
3.0798987,0.33009421
3.112742,0.21740089
3.1457594,0.46547657
3.1789511,0.17236045
3.2123169,0.31060156
3.2458569,0.39392538
3.2795711,0.63409662
3.3134595,0.45072313
3.3475221,0.58890294
3.3817589,0.84471448
3.4161698,0.61423619
3.450755,0.8308014
3.4855143,0.9453905
3.5204478,0.644278
3.5555556,0.66471881
3.5908375,0.63024233
3.6262936,0.76829954
3.6619238,0.62398849
3.6977283,0.7698582
3.733707,0.57845768
3.7698598,0.48115948
3.8061868,0.86227732
3.8426881,0.41985044
3.8793635,0.64407489
3.9162131,0.60161736
3.9532369,0.52777195
3.9904348,0.61077396
4.027807,0.45062339
4.0653534,0.47869279
4.1030739,0.45184491
4.1409686,0.33086406
4.1790376,0.50790709
4.2172807,0.26924853
4.255698,0.25018249
4.2942895,0.47423838
4.3330551,0.17278875
4.371995,0.2948532
4.411109,0.20513763
4.4503973,0.036975356
4.4898597,0.19820952
4.5294963,0.030016604
4.5693071,0.010827968
4.6092921,-0.000532856
4.6494513,-0.074654102
4.6897847,-0.023300476
4.7302923,-0.17588374
4.770974,-0.077501943
4.8118299,0.028707671
4.8528601,-0.1945098
4.8940644,-0.007844383
4.9354429,-0.095695402
4.9769956,-0.081592274
5.0187225,0.026621865
5.0606235,-0.1318373
5.1026988,0.05479494
5.1449482,0.076714659
5.1873719,-0.019019316
5.2299697,0.00288713
5.2727417,-0.006585609
5.3156879,0.030993839
5.3588083,0.045037239
5.4021029,-0.05072992
5.4455717,0.14369236
5.4892146,0.040068795
5.5330318,0.007026825
5.5770231,0.17789979
5.6211886,0.027197485
5.6655283,0.14315521
5.7100422,0.28263572
5.7547303,0.029952721
5.7995926,0.24785132
5.8446291,0.11280211
5.8898397,0.20519725
5.9352245,0.25837006
5.9807836,0.18604604
6.0265168,0.21567616
6.0724242,0.17471142
6.1185058,0.17295572
6.1647616,0.15550711
6.2111916,0.42824795
6.2577957,0.25392332
6.3045741,0.25214108
6.3515266,0.28956789
6.3986533,0.35051747
6.4459543,-0.027755268
6.4934294,0.23710261
6.5410787,0.29018915
6.5889021,-0.001828994
6.6368998,0.22379329
6.6850717,0.27685992
6.7334177,0.039723826
6.781938,0.2653262
6.8306324,0.31052978
6.879501,0.19102084
6.9285438,0.18915232
6.9777608,0.2578654
7.027152,0.31088557
7.0767174,0.10507558
7.1264569,0.40906287
7.1763707,0.29735725
7.2264586,0.036625381
7.2767207,0.29353394
7.327157,0.21318096
7.3777675,0.1877233
7.4285522,0.32696489
7.4795111,0.19953317
7.5306442,0.18974188
7.5819514,0.22700277
7.6334329,0.17013938
7.6850885,0.12111249
7.7369183,0.19756917
7.7889223,0.2112741
7.8411005,0.099482205
7.8934529,0.10533073
7.9459795,0.16607458
7.9986802,0.06994905
8.0515552,0.052248254
8.1046043,0.081599646
8.1578277,-0.14003599
8.2112252,0.11675311
8.2647969,-0.002935019
8.3185428,0.042076101
8.3724629,-0.038409612
8.4265572,0.069333333
8.4808256,0.022101253
8.5352683,-0.072190207
8.5898851,0.060968757
8.6446761,-0.080382638
8.6996413,-0.064871845
8.7547808,0.060442314
8.8100943,-0.1750284
8.8655821,-0.026185939
8.9212441,-0.09695188
8.9770803,-0.1520321
9.0330906,0.028181237
9.0892751,-0.19160598
9.1456339,-0.066295715
9.2021668,-0.050789926
9.2588739,-0.16861803
9.3157552,0.011592531
9.3728107,-0.12192296
9.4300403,-0.012301746
9.4874442,-0.098759523
9.5450222,-0.020511973
9.6027745,0.034205609
9.6607009,-0.13068521
9.7188015,0.11226656
9.7770763,-0.005566551
9.8355253,-0.099870802
9.8941485,0.17445184
9.9529458,-0.084559402
10.011917,-0.014159439
10.071063,0.15820075
10.130383,0.008991761
10.189877,0.11076261
10.249545,0.094885834
10.309388,0.024106547
10.369405,0.21215023
10.429596,-0.054708599
10.489961,0.1176477
10.5505,0.29000344
10.611213,-0.016072743
10.672101,0.29745836
10.733163,0.13255753
10.794399,0.093146343
10.855809,0.19491107
10.917393,0.092753672
10.979152,0.25726239
11.041085,0.37471172
11.103192,0.037258535
11.165473,0.40568715
11.227928,-0.10431617
11.290558,0.38175839
11.353361,0.16195004
11.416339,-0.13629024
11.479491,0.41252775
11.542818,-0.17590972
11.606318,0.38859344
11.669993,0.20799799
11.733841,0.074460817
11.797864,0.47425642
11.862062,-0.11418383
11.926433,0.089532226
11.990979,0.23050263
12.055698,-0.01284125
12.120592,0.16734373
12.185661,0.033802659
12.250903,0.11202574
12.316319,0.10397375
12.38191,-0.16290232
12.447675,0.35453478
12.513614,-0.26528358
12.579727,0.22077986
12.646015,0.14998
12.712477,-0.04631062
12.779112,0.11033938
12.845923,0.078753539
12.912907,0.015794588
12.980065,-0.000106096
13.047398,0.070267174
13.114905,-0.000536582
13.182586,-0.079184032
13.250441,0.10883463
13.31847,-0.063931581
13.386674,-0.009247366
13.455051,0.045436293
13.523603,-0.14301786
13.592329,-0.080492175
13.66123,-0.002280773
13.730304,0.021028113
13.799553,0.012963893
13.868976,-0.018630294
13.938573,-0.065911312
14.008344,-0.10534975
14.07829,-0.082043645
14.148409,-0.11364006
14.218703,0.066527681
14.289171,0.02708702
14.359813,-0.004511061
14.43063,0.073694225
14.50162,-0.091238301
14.572785,-0.060092952
14.644124,0.13575772
14.715637,-0.1625098
14.787324,0.17708898
14.859186,-0.000972667
14.931221,-0.053557475
15.003431,-0.004194861
15.075815,-0.12739463
15.148374,0.18076479
15.221106,-0.16206955
15.294013,0.044102363
15.367094,-0.055621443
15.440349,0.017190409
15.513778,0.042930075
15.587381,-0.072520092
15.661159,0.015937947
15.735111,0.010264977
15.809237,-0.066009591
15.883537,0.022408361
15.958011,-0.03036352
16.03266,0.018812022
16.107482,0.052287926
16.182479,-0.12601424
16.25765,0.12704279
16.332996,-0.14540375
16.408515,0.029195176
16.484209,0.21946701
16.560077,-0.17066667
16.636119,0.12126405
16.712335,-0.10448426
16.788725,-0.04791158
16.86529,0.17333502
16.942029,-0.30348955
17.018942,0.21573235
17.096029,-0.11997967
17.17329,-0.15768444
17.250726,-0.054244689
17.328335,-0.2253467
17.406119,-0.067068913
17.484077,-0.034313277
17.56221,-0.2760994
17.640516,0.28992565
17.718997,-0.17153224
17.797652,-0.10753189
17.876481,0.37212278
17.955484,-0.52080354
18.034662,0.099963682
18.114013,-0.055771647
18.193539,-0.18800952
18.273239,0.15815201
18.353113,0.23761493
18.433162,-0.05158157
18.513384,0.63173899
18.593781,0.28757662
18.674352,0.69632346
18.755097,-0.11849107
18.836016,0.47842715
18.91711,-0.038412084
18.998377,0.017265746
19.079819,-0.029049168
19.161435,-0.24010192
19.243226,-0.074716048
19.32519,-0.39563664
19.407329,-0.4028637
19.489642,-0.10424037
19.572129,-0.9429039
19.65479,-0.30708959
19.737625,-0.50267978
19.820635,-0.73751762
19.903819,-0.14101486
19.987177,-0.86219113
20.070709,-0.43045818
20.154415,-0.38307091
20.238296,0.23683342
20.32235,1.7665097
20.406579,0.1275266
20.490982,0.29243309
20.57556,14.606327
20.660311,50.104503
20.745237,20.975196
20.830337,-0.1149272
20.915611,1.3439371
21.001059,2.4419852
21.086681,2.1674523
21.172478,0.5360247
21.258449,1.1947612
21.344594,1.4456226
21.430913,1.006256
21.517406,1.0139162
21.604074,0.92742687
21.690915,1.1624742
21.777931,1.0053327
21.865121,0.76972781
21.952486,0.76938511
22.040024,0.32195164
22.127737,0.47056464
22.215624,0.22698882
22.303685,0.038282996
22.39192,0.084839334
22.480329,-0.041185306
22.568913,0.028836526
22.657671,0.18510091
22.746603,-0.34886275
22.835709,-0.28107986
22.924989,-0.59024834
23.014444,-0.89205447
23.104073,-1.1315963
23.193876,-1.5127953
23.283853,-1.7611418
23.374004,-2.1589887
23.46433,-2.3220223
23.554829,-2.6267131
23.645503,-2.7044337
23.736351,-3.2453801
23.827373,-3.5044545
23.91857,-3.677735
24.009941,-4.055418
24.101485,-4.3551503
24.193204,-4.5690889
24.285098,-4.7286063
24.377165,-5.0533104
24.469407,-5.4020247
24.561822,-5.5159257
24.654412,-5.7322682
24.747176,-6.1451699
24.840115,-6.2605131
24.933227,-6.7528078
25.026514,-6.9710734
25.119975,-6.91531
25.21361,-7.1737529
25.307419,-6.6954216
25.401403,-5.8489437
25.49556,-0.68137791
25.589892,19.207276
25.684398,40.060154
25.779078,5.0145132
25.873933,17.403685
25.968961,78.513945
26.064164,78.321764
26.159541,78.136944
26.255092,77.394781
26.350818,76.542334
26.446717,73.987445
26.542791,67.965408
26.639039,73.135048
26.735461,76.03754
26.832057,76.241512
26.928828,75.919513
27.025772,75.76174
27.122891,75.14074
27.220184,74.927103
27.317652,74.422789
27.415293,73.117994
27.513109,72.055855
27.611098,70.091275
27.709262,67.318371
27.807601,64.505771
27.906113,57.182886
28.0048,51.153638
28.10366,46.621948
28.202695,43.093699
28.301904,38.61595
28.401288,35.525955
28.500845,34.341361
28.600577,30.756287
28.700483,26.378576
28.800563,23.255285
28.900817,21.07269
29.001246,20.317066
29.101848,19.231548
29.202625,18.733786
29.303576,16.902209
29.404701,14.756426
29.506001,14.95526
29.607474,14.345771
29.709122,13.171094
29.810944,11.454761
29.91294,9.4948089
30.01511,8.4990824
30.117455,8.5303261
30.219974,7.878736
30.322666,8.8423515
30.425534,7.4447018
30.528575,5.8975518
30.63179,4.067568
30.73518,2.4174956
30.838744,2.798315
30.942482,3.2492418
31.046394,2.162433
31.15048,2.7300453
31.254741,2.8579612
31.359176,3.7226512
31.463785,3.7241154
31.568568,3.3094124
31.673525,2.7765817
31.778657,2.1962113
31.883963,3.7173209
31.989442,4.0928517
32.095097,3.7149606
32.200925,3.1875691
32.306927,2.4400889
32.413104,2.092128
32.519455,1.4456471
32.62598,1.4174514
32.732679,0.8012565
32.839553,-0.3715651
32.9466,0.16565326
33.053822,-1.4145394
33.161218,-2.6964568
33.268788,-3.0369616
33.376532,-3.0164462
33.484451,-2.4231456
33.592544,-0.14333451
33.700811,2.842595
33.809252,2.6836625
33.917867,5.7720249
34.026657,12.72729
34.13562,16.067105
34.244758,15.564018
34.35407,16.269011
34.463556,15.327181
34.573217,12.103235
34.683052,8.4873669
34.79306,6.2364411
34.903243,2.7151632
35.013601,2.6294155
35.124132,1.2262567
35.234838,0.4429418
35.345717,0.004960995
35.456771,0.64172604
35.567999,0.61990361
35.679402,-0.64089847
35.790978,1.6906924
35.902729,2.5950683
36.014654,2.4643861
36.126753,1.4868811
36.239026,1.7331416
36.351474,2.4580695
36.464095,2.0773512
36.576891,1.7517708
36.689861,1.3323088
36.803005,0.70916127
36.916324,1.5764459
37.029816,0.46749596
37.143483,0.82544874
37.257324,0.99540227
37.371339,0.55382715
37.485529,0.36346846
37.599892,0.36942425
37.71443,0.78345921
37.829142,0.24871062
37.944028,0.4985118
38.059088,1.2583529
38.174323,0.65826792
38.289731,0.71721378
38.405314,-0.44716242
38.521071,-0.81133129
38.637002,-1.6850967
38.753108,-1.4449293
38.869387,-1.0241624
38.985841,-1.6463254
39.102469,-1.632987
39.219271,-1.4076765
39.336248,-1.433139
39.453398,-1.160355
39.570723,-1.4677557
39.688222,-0.95926291
39.805895,-0.63879802
39.923742,-0.50636108
40.041764,0.057655752
40.15996,-0.68008085
40.278329,-0.72741403
40.396873,-0.44512809
40.515592,-0.48420344
40.634484,-0.4289538
40.753551,-0.63232034
40.872792,-0.81195012
40.992207,-0.70117647
41.111796,-0.30557399
41.231559,-1.023989
41.351497,-1.3034803
41.471608,-1.4420872
41.591894,-1.4162802
41.712355,-1.8535103
41.832989,-1.9616206
41.953797,-1.7798269
42.07478,-1.6218546
42.195937,-2.3661351
42.317268,-2.2558056
42.438773,-0.99282691
42.560453,5.2267225
42.682306,29.508725
42.804334,53.217886
42.926536,18.432638
43.048912,20.902
43.171463,70.178913
43.294187,70.130044
43.417086,69.837745
43.540159,69.474566
43.663406,68.820899
43.786828,69.649293
43.910423,61.724454
44.034193,56.324813
44.158137,49.99939
44.282255,49.571714
44.406547,43.763354
44.531014,45.0998
44.655654,49.12615
44.780469,52.250247
44.905458,55.225033
45.030621,51.713252
45.155959,47.589415
45.28147,54.775089
45.407156,66.305569
45.533016,60.180856
45.65905,38.542125
45.785259,28.330552
45.911641,30.879473
46.038198,26.596728
46.164929,24.10977
46.291834,22.383305
46.418913,23.040861
46.546167,22.670674
46.673595,20.36294
46.801196,21.074522
46.928972,23.377969
47.056923,25.461516
47.185047,27.858496
47.313346,29.753224
47.441819,29.859424
47.570466,32.647686
47.699287,34.055263
47.828282,28.19196
47.957452,21.026404
48.086795,20.252713
48.216313,19.706181
48.346006,18.186808
48.475872,17.122045
48.605912,26.739343
48.736127,45.579878
48.866516,34.945612
48.997079,30.114975
49.127816,41.652673
49.258728,52.374393
49.389813,55.080135
49.521073,55.079703
49.652507,56.686822
49.784115,57.462276
49.915898,56.457046
50.047854,53.835837
50.179985,50.735906
50.31229,49.235682
50.444769,44.284186
50.577423,38.96377
50.71025,34.341102
50.843252,35.098534
50.976428,34.79685
51.109778,28.228208
51.243302,27.267117
51.377001,26.156714
51.510873,24.575431
51.64492,22.021306
51.779141,19.192381
51.913536,17.908261
52.048106,15.235613
52.182849,12.923459
52.317767,11.395325
52.452859,9.8825865
52.588125,8.8087713
52.723566,7.1856445
52.85918,5.0367354
52.994969,2.9894952
53.130932,2.3066688
53.267069,1.4196289
53.40338,0.90092436
53.539866,0.16232001
53.676525,-2.9059881
53.813359,-2.4451765
53.950367,-2.8827191
54.08755,-3.9085947
54.224906,-4.3620188
54.362437,-4.3998542
54.500141,-4.4377872
54.63802,-3.8640531
54.776074,-3.8472794
54.914301,-4.7404071
55.052703,-4.8336324
55.191278,-2.5740142
55.330028,-1.5929249
55.468952,-4.4236979
55.608051,-3.9839802
55.747323,-2.6267131
55.88677,-3.1675828
56.026391,-3.4497266
56.166186,-3.5751051
56.306155,-3.1829343
56.446298,-3.3790963
56.586616,-3.2459441
56.727108,-2.6579876
56.867774,-2.54856
57.008614,-2.0313868
57.149629,-1.5299976
57.290817,-1.0757647
57.43218,-1.0644715
57.573717,-0.02579066
57.715428,2.1579248
57.857313,4.2396161
57.999373,6.383989
58.141607,6.8263378
58.284014,6.3666624
58.426597,4.4402569
58.569353,1.5177097
58.712283,2.367648
58.855388,2.93517
58.998667,2.4202756
59.14212,3.5053178
59.285747,2.896179
59.429548,2.3026631
59.573524,1.5365348
59.717674,2.0487744
59.861998,3.5805585
60.006496,4.3593379
60.151168,4.2125638
60.296015,3.5480793
60.441036,4.8443156
60.58623,5.309116
60.7316,-0.28104892
60.877143,-2.1771596
61.02286,-3.8223533
61.168752,-3.5381987
61.314818,-2.9325388
61.461058,-2.2955698
61.607472,-0.76454651
61.754061,-1.257116
61.900823,-0.22033722
62.04776,4.3144174
62.194871,6.0883244
62.342156,7.070011
62.489616,11.824183
62.637249,33.464567
62.785057,27.473514
62.933039,5.9608296
63.081195,1.2010228
63.229525,4.4568389
63.37803,1.5008268
63.526708,0.52122199
63.675561,13.541554
63.824588,16.23241
63.97379,4.8212428
64.123165,4.7747177
64.272715,16.477149
64.422439,22.155987
64.572337,25.199468
64.722409,37.482101
64.872655,39.717612
65.023076,25.984432
65.17367,20.737463
65.324439,23.451215
65.475383,16.815884
65.6265,16.83147
65.777791,42.2666
65.929257,47.427158
66.080897,25.638632
66.232711,4.2971014
66.384699,10.084919
66.536862,7.8962034
66.689198,4.7662476
66.841709,20.459758
66.994394,26.451244
67.147254,7.509333
67.300287,-2.1149941
67.453495,2.4096351
67.606876,-1.0108972
67.760432,-2.5177675
67.914162,1.6458871
68.068067,3.6526156
68.222145,-2.7720919
68.376398,-6.412549
68.530825,-4.8530204
68.685426,-5.3170137
68.840201,-6.0947251
68.995151,-4.5038016
69.150274,-6.0030667
69.305572,-7.9180107
69.461044,-7.9662806
69.616691,-7.3949352
69.772511,-6.1412294
69.928506,-2.644379
70.084674,4.4132632
70.241017,-0.66242054
70.397535,-4.2792733
70.554226,-1.8961186
70.711092,0.59684739
70.868131,1.7172718
71.025345,2.5788802
71.182733,1.4797116
71.340296,0.41192304
71.498032,0.53629876
71.655943,1.8449956
71.814028,2.6360529
71.972287,3.7486862
72.13072,4.3828956
72.289327,8.0680928
72.448109,18.741533
72.607065,30.818902
72.766195,36.504121
72.925499,36.91876
73.084977,33.302033
73.24463,30.422569
73.404457,24.680367
73.564458,15.738173
73.724633,11.839123
73.884982,10.434199
74.045506,9.390066
74.206203,7.6400582
74.367075,6.0547638
74.528121,4.5635944
74.689342,2.7743932
74.850736,2.044023
75.012305,0.38032694
75.174048,0.34801082
75.335965,5.8686433
75.498056,18.401048
75.660321,6.1099306
75.822761,-3.9537284
75.985375,-3.3742426
76.148163,-3.7594554
76.311125,-2.3172097
76.474261,17.532887
76.637572,19.579069
76.801056,-1.2688594
76.964715,-6.3599173
77.128548,-1.6705756
77.292556,-2.6910304
77.456737,7.4022477
77.621093,28.232788
77.785623,12.137846
77.950327,-3.266893
78.115205,-3.0716244
78.280257,-2.1077209
78.445484,0.29932723
78.610885,20.486775
78.77646,16.085995
78.942209,-1.7657582
79.108132,-5.4763273
79.27423,-1.0535557
79.440502,0.37314487
79.606947,16.152794
79.773568,25.908921
79.940362,6.4807422
80.10733,1.2251196
80.274473,4.6989162
80.44179,1.9374261
80.609281,4.7367277
80.776946,28.085056
80.944786,24.978491
81.112799,1.3621282
81.280987,-4.6542267
81.449349,-1.0627311
81.617885,-3.5575025
81.786596,-2.2954038
81.95548,-2.2881996
82.124539,-3.2692232
82.293772,-1.9914159
82.463179,-2.2037972
82.63276,-1.8671515
82.802516,-0.040302315
82.972446,7.0728288
83.142549,-0.5748169
83.312828,-4.8499062
83.48328,-2.0583214
83.653906,-1.2510428
83.824707,-1.2672863
83.995682,-0.64822822
84.166831,-1.8644568
84.338154,-2.6885211
84.509651,-1.3164996
84.681323,-0.22682353
84.853169,-0.26717956
85.025189,-0.95077736
85.197383,-0.91291103
85.369751,-0.95358058
85.542294,-0.2492566
85.71501,0.20398248
85.887901,0.55515627
86.060966,1.8238726
86.234206,1.8924844
86.407619,1.0355016
86.581207,0.82939459
86.754969,-0.067012975
86.928905,2.4952985
87.103015,24.877113
87.277299,25.015686
87.451758,2.3149391
87.626391,-3.672187
87.801198,0.91313129
87.976179,2.0944235
88.151334,22.836396
88.326664,33.091989
88.502168,15.269046
88.677845,6.9910965
88.853698,16.822847
89.029724,21.140767
89.205924,25.066426
89.382299,26.764529
89.558848,23.6939
89.735571,17.697677
89.912468,13.442525
90.08954,10.88923
90.266785,19.441713
90.444205,27.005856
90.621799,11.205188
90.799567,0.008337734
90.97751,-1.4160682
91.155626,0.72804883
91.333917,27.703434
91.512382,38.121852
91.691021,9.2460474
91.869834,-9.088685
92.048822,-3.0941102
92.227984,-2.7231692
92.407319,12.094726
92.586829,20.928203
92.766514,9.8007913
92.946372,4.0693535
93.126405,-3.1759144
93.306612,7.8375368
93.486993,43.282256
93.667548,43.087655
93.848277,40.108636
94.029181,27.89814
94.210259,21.758127
94.391511,14.033696
94.572937,23.077788
94.754537,19.674717
94.936312,3.9891887
95.11826,-3.5082091
95.300383,-0.40963302
95.48268,3.2143288
95.665152,12.963676
95.847797,9.3403702
96.030617,-0.83990307
96.213611,-4.5418495
96.396779,-1.3184102
96.580121,17.559826
96.763637,36.720312
96.947328,18.139516
97.131193,-0.91197275
97.315232,2.2481989
97.499445,5.1729719
97.683832,9.9407776
97.868394,14.81044
98.053129,16.448625
98.238039,20.165137
98.423123,23.37174
98.608382,23.284121
98.793814,24.929731
98.979421,26.339943
99.165202,21.491226
99.351157,19.52868
99.537286,19.134656
99.723589,17.116998
99.910067,16.761981
100.09672,18.971566
100.28354,21.643791
100.47055,22.959049
100.65772,22.87028
100.84507,24.53827
101.03259,27.233607
101.22029,20.744525
101.40816,16.851417
101.5962,15.279773
101.78442,16.04528
101.97282,22.387152
102.16139,24.705391
102.35013,22.317643
102.53904,20.125869
102.72813,19.926147
102.9174,25.091027
103.10684,35.902861
103.29645,34.024394
103.48624,21.698764
103.6762,17.067147
103.86633,19.619739
104.05664,16.462423
104.24713,16.654022
104.43779,12.367085
104.62862,7.6486714
104.81963,4.9693686
105.01081,4.493883
105.20216,13.994763
105.39369,11.417108
105.58539,-0.61947568
105.77727,-3.9189088
105.96932,-2.104721
106.16155,-0.1180886
106.35395,3.9625569
106.54652,-2.866706
106.73927,-6.6843087
106.93219,-6.3451532
107.12529,-6.1159061
107.31856,4.0583345
107.51201,3.2363922
107.70563,-7.0496799
107.89942,-11.084831
108.09339,-8.2023956
108.28753,9.166255
108.48185,27.82112
108.67634,5.1504354
108.871,-11.826191
109.06584,-9.0617017
109.26085,-3.9757031
109.45604,6.1690593
109.6514,3.0353304
109.84694,-4.2161053
110.04264,-8.0950517
110.23853,-3.8720972
110.43459,28.844915
110.63082,34.385397
110.82722,19.706212
111.02381,-5.1455828
111.22056,-2.6954763
111.41749,1.7388842
111.61459,8.5731849
111.81187,3.6976218
112.00932,0.81415587
112.20695,-4.1948601
112.40475,3.8548877
112.60272,32.508497
112.80087,34.260086
112.99919,23.078282
113.19769,4.5787711
113.39636,6.463514
113.5952,7.9795697
113.79422,11.228899
113.99342,2.9879723
114.19278,-2.2412495
114.39233,-1.5489624
114.59204,3.1275786
114.79193,19.192295
114.992,23.343226
115.19223,6.3411567
115.39265,-1.241365
115.59323,30.901544
115.794,33.577726
115.99493,33.595025
116.19604,33.871088
116.39732,33.731404
116.59878,31.560288
116.80041,30.267544
117.00222,27.461015
117.2042,15.572073
117.40635,5.243855
117.60868,7.7940089
117.81119,22.642142
118.01386,31.505902
118.21672,24.855877
118.41974,8.7469678
118.62294,7.0772149
118.82631,12.646618
119.02986,22.835569
119.23358,13.228382
119.43748,2.6407427
119.64155,2.6491222
119.8458,3.8495988
120.05022,13.66178
120.25481,13.403314
120.45958,1.2153756
120.66452,-2.2588968
120.86963,3.2471631
121.07492,13.435516
121.28039,7.8747899
121.48603,-4.2899177
121.69184,-6.156646
121.89783,-2.8077477
122.10399,3.8508946
122.31032,6.6977125
122.51683,-2.9025882
122.72351,-9.5424162
122.93037,-7.2960461
123.1374,3.8600514
123.34461,12.608229
123.55199,-3.1534735
123.75954,-12.577998
123.96727,-9.6418143
124.17518,-0.96453092
124.38325,6.7714995
124.5915,-4.8729388
124.79993,-12.203728
125.00853,-9.5502802
125.2173,-3.1008304
125.42625,5.756386
125.63537,-3.3707879
125.84467,-10.192156
126.05414,-6.982228
126.26378,-0.10178828
126.4736,10.394261
126.6836,11.572587
126.89376,13.38613
127.10411,14.117244
127.31462,15.475733
127.52531,18.285125
127.73618,17.855225
127.94721,14.931131
128.15843,14.524607
128.36981,22.212125
128.58137,26.079958
128.79311,22.802616
129.00502,20.65461
129.2171,24.333978
129.42936,27.36229
129.64179,28.131701
129.8544,27.293193
130.06718,25.536961
130.28013,26.753201
130.49326,27.365443
130.70656,26.801139
130.92004,26.472052
131.13369,26.762496
131.34751,26.817569
131.56151,27.178449
131.77569,27.296114
131.99004,27.515664
132.20456,28.205725
132.41925,28.197671
132.63412,28.401305
132.84917,27.451921
133.06439,26.204422
133.27978,26.36861
133.49535,26.415076
133.71109,26.579111
133.927,26.319541
134.14309,22.993227
134.35936,15.251151
134.5758,12.654096
134.79241,20.221671
135.00919,23.8676
135.22615,15.764433
135.44329,7.5435427
135.6606,9.3461052
135.87808,17.391728
136.09574,20.347079
136.31357,14.533726
136.53158,9.7869624
136.74976,10.514632
136.96811,19.595167
137.18664,24.322684
137.40534,22.626595
137.62422,18.491214
137.84327,16.685168
138.06249,20.298653
138.28189,19.433631
138.50147,9.901865
138.72121,4.0249246
138.94114,8.2655549
139.16123,15.855128
139.3815,10.095605
139.60195,0.72031962
139.82257,2.403781
140.04336,13.483244
140.26433,22.492043
140.48547,18.089
140.70678,6.3290179
140.92827,7.1728809
141.14993,19.89902
141.37177,19.072142
141.59378,8.8255793
141.81597,2.7750185
142.03833,7.0773224
142.26087,12.383471
142.48358,12.050328
142.70646,6.7445591
142.92952,6.5916549
143.15275,18.783772
143.37615,21.658166
143.59973,19.97562
143.82349,8.8106452
144.04741,6.8769662
144.27152,14.064779
144.49579,17.801535
144.72024,6.8793915
144.94487,-0.38792703
145.16967,7.5054623
145.39464,19.508579
145.61979,19.558678
145.84511,9.4832102
146.07061,-0.11390275
146.29628,11.6693
146.52212,19.523014
146.74814,13.690378
146.97433,-0.56586482
147.2007,-2.2496349
147.42724,12.152793
147.65395,17.841419
147.88084,8.831929
148.10791,-4.4913629
148.33515,-0.30884896
148.56256,8.3441767
148.79014,6.8167336
149.0179,-4.4049036
149.24584,-6.348186
149.47395,2.4849257
149.70223,13.200314
149.93069,5.4941087
150.15932,-7.7258967
150.38812,-8.3577419
150.6171,-1.5229954
150.84626,2.6293231
151.07559,-5.6027471
151.30509,-9.8662648
151.53476,-7.2278967
151.76461,-1.1150938
151.99464,-2.9004052
152.22484,-7.3053993
152.45521,-7.6947822
152.68576,-3.7940441
152.91648,-0.37965538
153.14738,-5.781028
153.37845,-7.378554
153.60969,-3.8232138
153.84111,2.6889141
154.0727,4.0793983
154.30447,-1.1184277
154.53641,3.6209262
154.76852,17.991578
155.00081,18.573919
155.23328,18.262067
155.46591,18.89916
155.69872,19.034218
155.93171,18.322141
156.16487,17.900186
156.39821,17.980116
156.63171,18.326638
156.8654,17.669164
157.09925,17.137105
157.33328,16.801049
157.56749,16.668839
157.80187,17.187536
158.03642,17.196353
158.27115,16.538428
158.50605,16.570625
158.74113,16.743923
158.97638,17.317146
159.2118,16.862843
159.4474,16.228073
159.68318,15.89911
159.91912,15.970073
160.15524,16.095862
160.39154,15.813733
160.62801,15.680549
160.86465,15.390427
161.10147,13.178661
161.33846,14.919762
161.57563,14.69216
161.81297,11.617424
162.05049,7.2720253
162.28818,12.024591
162.52604,14.267277
162.76408,10.400084
163.00229,1.5916403
163.24067,-2.5266826
163.47923,5.7470763
163.71797,3.3384073
163.95688,-7.3291602
164.19596,-11.173273
164.43522,-2.421383
164.67465,1.4755303
164.91425,-6.6982196
165.15403,-13.397535
165.39398,-9.5714345
165.63411,-5.266978
165.87441,-7.4253416
166.11489,-9.2935841
166.35554,-5.6011173
166.59637,4.3579412
166.83736,3.5404541
167.07854,-4.9006374
167.31988,-5.5535686
167.5614,8.6543381
167.8031,12.972069
168.04497,8.9604072
168.28701,-2.2826069
168.52923,-0.71775804
168.77162,7.4275028
169.01419,5.2904306
169.25693,-1.0191708
169.49985,3.2202672
169.74293,11.373451
169.9862,11.173713
170.22963,5.9387004
170.47325,4.2801786
170.71703,11.994226
170.96099,12.069077
171.20513,9.1870853
171.44943,0.8462899
171.69392,6.2231614
171.93857,9.6549548
172.1834,5.5887288
172.42841,2.1107579
172.67359,10.899473
172.91894,12.409778
173.16447,11.010298
173.41017,8.1206414
173.65605,10.532966
173.9021,12.733545
174.14832,12.636106
174.39472,12.209274
174.64129,13.045207
174.88804,13.363513
175.13496,12.873996
175.38206,12.972733
175.62932,13.134236
175.87677,13.476151
176.12439,13.457301
176.37218,13.163962
176.62014,13.505936
176.86828,14.193028
177.1166,14.048768
177.36509,13.849625
177.61375,14.089718
177.86259,15.231791
178.1116,15.260159
178.36079,15.288547
178.61014,15.316955
178.85968,15.345382
179.10939,15.373829
179.35927,15.402296
179.60933,13.140587
179.85956,9.6475253
180.10996,12.954483
180.36054,15.155579
180.61129,13.348851
180.86222,7.7852803
181.11332,10.080553
181.3646,14.752316
181.61605,13.25155
181.86767,7.3664901
182.11947,8.0853715
182.37144,13.839567
182.62359,15.656527
182.87591,15.802919
183.12841,15.831684
183.38108,15.860469
183.63392,15.889273
183.88694,15.918097
184.14013,15.946941
184.39349,15.803256
184.64703,15.918415
184.90075,16.033593
185.15464,16.023301
185.4087,15.840479
185.66294,15.414541
185.91735,15.569014
186.17193,16.092134
186.42669,15.893706
186.68163,15.185494
186.93673,15.183184
187.19202,15.761286
187.44747,15.719799
187.7031,14.823431
187.95891,14.836887
188.21489,15.830754
188.47104,15.852093
188.72737,14.947961
188.98387,14.49875
189.24054,15.359364
189.49739,15.474899
189.75442,14.931631
190.01162,14.992304
190.26899,15.547115
190.52654,15.231357
190.78426,14.797972
191.04215,15.603822
191.30022,14.182242
191.55846,10.643034
191.81688,13.307767
192.07547,16.074482
192.33424,14.402
192.59318,10.188362
192.85229,11.457096
193.11158,14.663105
193.37104,11.610311
193.63068,7.7026344
193.89049,11.97537
194.15048,16.271655
194.41064,15.038547
194.67097,11.123107
194.93148,7.4272944
195.19216,13.119737
195.45302,15.133768
195.71405,15.971348
195.97525,16.683458
196.23663,17.089705
196.49818,16.397933
196.75991,16.506181
197.02181,17.414449
197.28389,17.444305
197.54614,17.474181
197.80856,17.504077
198.07116,17.533993
198.33393,17.563928
198.59688,17.413492
198.86,14.243467
199.12329,14.524442
199.38676,17.574065
199.6504,17.157041
199.91422,12.826311
200.17821,14.519131
200.44238,17.647264
200.70672,17.834241
200.97123,17.864375
201.23592,17.894529
201.50078,17.924703
201.76582,17.954896
202.03103,17.98511
202.29642,18.015343
202.56198,18.045596
202.82771,18.075869
203.09362,18.106161
203.3597,18.136474
203.62595,18.166806
203.89238,18.197159
204.15899,18.227531
204.42577,18.257923
204.69272,17.825589
204.95985,17.730531
205.22715,18.349218
205.49462,18.379689
205.76227,18.03371
206.0301,17.875985
206.2981,18.471222
206.56627,18.423341
206.83461,16.367637
207.10313,10.939404
207.37183,4.3504067
207.6407,-2.0424926
207.90974,-0.64713682
208.17896,-2.0674474
208.44835,-5.189699
208.71791,-5.2609503
208.98765,-4.4223779
209.25757,-5.6230013
209.52766,-5.7883107
209.79792,-4.1810513
210.06836,-3.1463211
210.33897,-5.3900023
210.60975,-5.876801
210.88071,-3.5871093
211.15184,-1.5875938
211.42315,-3.0233526
211.69463,-1.7375229
211.96629,2.5130326
212.23812,2.5283137
212.51012,-2.5872097
212.7823,-2.2753185
213.05465,4.8051638
213.32718,6.7954138
213.59988,1.1542549
213.87276,-0.36929324
214.14581,3.7384949
214.41903,4.3403643
214.69243,1.1539621
214.966,2.7439942
215.23975,7.6751665
215.51367,5.3043417
215.78776,1.8432844
216.06203,5.3625831
216.33647,11.572041
216.61109,9.3893067
216.88588,3.8810454
217.16085,5.2119635
217.43598,9.3899041
217.7113,7.7325143
217.98679,5.7456764
218.26245,9.3117434
218.53829,12.281696
218.8143,11.471219
219.09048,13.601883
219.36684,16.97957
219.64337,16.459181
219.92008,14.534834
220.19696,16.75947
220.47402,17.242894
220.75125,16.981183
221.02865,16.852769
221.30623,16.943927
221.58398,16.980146
221.86191,17.11829
222.14001,15.366202
222.41828,16.743489
222.69673,16.889367
222.97536,16.886189
223.25415,15.275132
223.53313,15.813058
223.81227,16.225458
224.09159,14.363311
224.37109,14.17956
224.65076,16.474203
224.9306,16.306066
225.21061,16.357499
225.49081,16.385367
225.77117,16.248493
226.05171,16.056681
226.33242,16.20993
226.61331,16.151378
226.89437,16.09279
227.17561,16.034166
227.45702,15.975505
227.73861,15.916808
228.02036,15.858075
228.3023,15.799305
228.5844,15.740499
228.86669,15.681657
229.14914,15.622779
229.43177,12.191315
229.71457,0.8853048
229.99755,-2.8599572
230.28071,-2.1425104
230.56403,-5.4956881
230.84753,-2.6998825
231.13121,4.4096122
231.41506,1.3700511
231.69908,-4.7675856
231.98328,-2.1915331
232.26765,2.2982085
232.55219,-1.1885567
232.83691,-4.4008484
233.12181,-1.7386667
233.40688,-1.0408499
233.69212,-3.0175431
233.97754,-2.3432561
234.26313,0.738874
234.54889,0.77786666
234.83483,-0.17921923
235.12095,1.8833026
235.40723,4.9105301
235.69369,3.8985419
235.98033,3.9375339
236.26714,6.2431924
236.55413,7.3174782
236.84128,6.7447051
237.12862,9.3013436
237.41612,11.1521
237.70381,8.3989339
237.99166,7.3398857
238.27969,12.194563
238.56789,13.331593
238.85627,11.503917
239.14482,10.107613
239.43355,12.852486
239.72245,12.209123
240.01153,10.310858
240.30077,12.789064
240.5902,13.682956
240.87979,13.706259
241.16957,13.933484
241.45951,13.886199
241.74963,13.925188
242.03993,14.12104
242.33039,14.324735
242.62104,14.167645
242.91185,14.081144
243.20284,14.253466
243.49401,14.33167
243.78535,14.190266
244.07686,14.150823
244.36855,14.315301
244.66041,14.432721
244.95245,14.354061
245.24466,12.99697
245.53704,14.032036
245.8296,14.659259
246.12233,14.235501
246.41524,10.870567
246.70832,13.858573
247.00158,14.321089
247.295,13.536547
247.58861,14.038278
247.88239,14.783147
248.17634,14.782918
248.47046,14.759159
248.76476,14.782459
249.05924,14.782229
249.35389,14.781999
249.64871,14.781769
249.94371,14.781538
250.23888,14.781308
250.53422,14.781078
250.82974,14.780847
251.12544,14.780616
251.42131,14.780385
251.71735,14.780154
252.01356,14.779923
252.30996,14.034594
252.60652,10.771617
252.90326,9.1007974
253.20017,10.78684
253.49726,11.178765
253.79452,10.62167
254.09196,10.793987
254.38957,10.958461
254.68735,10.377836
254.98531,10.801133
255.28344,13.145999
255.58175,13.208511
255.88023,11.302396
256.17888,11.223731
256.47771,11.890165
256.77672,10.627186
257.0759,10.61911
257.37525,12.336523
257.67477,12.140211
257.97447,10.908604
258.27435,12.367194
258.5744,12.304215
258.87462,10.131431
259.17502,10.915511
259.47559,13.02508
259.77633,13.558179
260.07725,12.161865
260.37835,10.491042
260.67961,12.012376
260.98106,10.819984
261.28267,10.113866
261.58446,12.254807
261.88643,11.870257
262.18857,10.944531
262.49088,13.587433
262.79337,14.183275
263.09603,14.034019
263.39886,14.088685
263.70187,14.284527
264.00506,14.292133
264.30842,14.158563
264.61195,14.472052
264.91565,14.612991
265.21954,14.706872
265.52359,14.76938
265.82782,14.745613
266.13222,14.68263
266.4368,14.682392
266.74155,14.768429
267.04648,14.768191
267.35158,14.720894
267.65685,14.720656
267.9623,14.767476
268.26792,14.69665
268.57372,13.041509
268.87969,0.54715258
269.18584,-12.660929
269.49216,-15.241561
269.79865,-18.081016
270.10532,-12.238118
270.41216,-10.243438
270.71917,-14.186013
271.02637,-10.842311
271.33373,-5.8986079
271.64127,-8.6647073
271.94898,-8.615119
272.25687,-1.9929802
272.56493,-0.26495763
272.87316,-3.9251689
273.18157,3.6459938
273.49016,6.2210794
273.79892,-3.5097158
274.10785,-4.918941
274.41696,7.201247
274.72624,8.0979071
275.03569,4.5867254
275.34532,6.9108393
275.65512,6.4192683
275.9651,-0.56641885
276.27525,7.1537778
276.58558,14.324956
276.89608,14.202018
277.20675,7.7810428
277.5176,0.95222557
277.82862,3.8175274
278.13982,-1.3642282
278.45119,-2.4989235
278.76273,-0.47283312
279.07445,-3.0114472
279.38635,-2.020648
279.69841,5.5270154
280.01066,5.4276213
280.32307,2.7792091
280.63566,4.1778571
280.94843,4.4078791
281.26137,4.3241771
281.57448,10.264006
281.88777,14.376385
282.20123,14.065236
282.51486,12.224677
282.82867,11.842943
283.14265,11.155328
283.45681,14.122617
283.77114,14.509514
284.08565,14.284649
284.40033,13.793118
284.71519,14.58002
285.03021,14.112021
285.34542,13.330298
285.6608,14.493675
285.97635,14.731563
286.29207,14.569453
286.60797,14.603422
286.92405,14.833471
287.24029,14.702738
287.55672,12.117103
287.87331,14.456961
288.19008,14.765447
288.50703,12.203347
288.82415,11.131444
289.14144,14.216405
289.45891,13.120975
289.77655,13.335351
290.09437,14.15365
290.41236,12.768029
290.73052,11.617703
291.04886,14.608555
291.36737,14.940585
291.68606,14.45693
292.00492,14.788963
292.32395,14.948449
292.64316,14.778524
292.96255,14.718404
293.2821,14.956325
293.60184,14.723659
293.92174,14.922367
294.24182,14.964214
294.56208,14.904102
294.88251,14.349873
295.20311,14.140744
295.52389,14.245341
295.84484,13.910725
296.16596,14.329051
296.48726,14.339535
296.80874,14.24806
297.13038,13.191881
297.45221,14.480801
297.7742,12.985408
298.09637,8.9017822
298.41872,12.99855
298.74124,12.201201
299.06393,8.8940495
299.3868,10.630037
299.70984,9.6993591
300.03305,7.3333886
300.35644,11.736047
300.68001,13.401452
301.00375,12.149211
301.32766,11.814619
301.65174,13.754538
301.97601,12.886615
302.30044,11.038302
302.62505,14.405676
302.94983,14.220111
303.27479,13.885527
303.59992,14.296043
303.92523,14.212442
304.25071,13.666098
304.57636,13.009952
304.90219,14.08714
305.22819,13.43884
305.55437,14.13956
305.88072,14.526556
306.20725,14.466495
306.53395,14.249573
306.86082,14.581672
307.18787,14.764753
307.51509,14.422344
307.84249,14.315232
308.17006,14.498317
308.4978,14.27356
308.82572,14.017432
309.15381,14.443658
309.48208,14.430671
309.81052,14.041214
310.13914,14.310582
310.46793,14.728971
310.79689,14.425793
311.12603,14.389282
311.45534,14.815519
311.78483,14.833914
312.11449,14.820937
312.44432,15.066786
312.77433,15.100871
313.10452,15.119272
313.43487,15.121987
313.7654,15.124705
314.09611,15.127423
314.42699,14.981123
314.75804,15.132864
315.08927,15.135587
315.42068,14.950076
315.75225,15.02339
316.084,15.143764
316.41593,14.84061
316.74803,8.3178501
317.0803,-10.016673
317.41275,-8.0296268
317.74537,3.0554604
318.07817,-6.777098
318.41114,-11.488401
318.74428,-8.2624551
319.0776,-12.11887
319.41109,-14.367448
319.74476,-12.663092
320.0786,-13.092076
320.41262,-10.744597
320.74681,-6.3657517
321.08117,-7.4849528
321.41571,-6.0237688
321.75042,-1.6057289
322.08531,-3.9171078
322.42037,-2.0324151
322.7556,9.6169765
323.09101,9.4938121
323.42659,1.4569153
323.76235,4.5023645
324.09828,7.618395
324.43439,2.6010853
324.77067,3.9445529
325.10712,3.3742881
325.44375,2.2942124
325.78055,14.069032
326.11753,14.675217
326.45468,14.402963
326.792,13.981683
327.1295,14.587848
327.46718,14.495966
327.80502,14.772704
328.14305,14.75924
328.48124,14.369297
328.81961,14.340133
329.15816,14.718804
329.49687,14.383743
329.83577,14.15848
330.17483,14.301836
330.51407,14.162833
330.85349,12.572842
331.19308,14.190688
331.53284,11.761468
331.87278,9.7792993
332.21289,14.393203
332.55318,13.352197
332.89364,9.6915763
333.23427,13.795655
333.57508,13.405609
333.91607,11.258693
334.25722,12.500005
334.59855,12.878566
334.94006,14.268884
335.28174,14.404294
335.62359,14.461265
335.96562,14.424111
336.30782,14.386951
336.6502,14.232136
336.99275,14.26555
337.33548,14.212683
337.67837,14.300985
338.02145,14.36575
338.36469,14.352078
338.70812,14.252123
339.05171,14.324711
339.39548,14.311018
339.73943,14.297317
340.08354,14.28361
340.42784,14.269896
340.7723,14.256175
341.11694,14.014995
341.46176,5.8287112
341.80675,11.36791
342.15191,5.5502398
342.49725,6.8698172
342.84276,10.463897
343.18845,0.57561783
343.53431,-4.3871785
343.88034,-2.8558642
344.22655,-4.5167136
344.57293,4.2067437
344.91949,7.6909784
345.26622,-0.39342128
345.61313,-1.168024
345.96021,2.8652095
346.30746,1.290593
346.65489,2.7904792
347.00249,4.2511429
347.35027,3.5314075
347.69822,12.254802
348.04634,13.244857
348.39464,11.278042
348.74311,7.6092591
349.09176,10.920862
349.44058,5.7853982
349.78958,3.2067907
350.13875,6.7144507
350.48809,6.002496
350.83761,6.12975
351.1873,8.1471932
351.53717,8.6195313
351.88721,11.695784
352.23742,11.964187
352.58781,12.005132
352.93838,11.818619
353.28911,12.181118
353.64003,12.363219
353.99111,12.317861
354.34237,12.625438
354.69381,12.760459
355.04541,12.448414
355.3972,12.818715
355.74915,13.338029
356.10128,12.916159
356.45359,12.666831
356.80607,13.052791
357.15872,12.975998
357.51155,13.118807
357.86455,13.245922
358.21773,13.192638
358.57108,13.209936
358.9246,13.533109
359.2783,12.875882
359.63217,13.230414
359.98622,11.043762
360.34044,-4.4840733
360.69484,-11.839367
361.04941,-15.17898
361.40415,-13.020389
361.75907,-1.2618113
362.11416,-6.6405035
362.46943,-11.21921
362.82487,-6.111657
363.18048,-11.341373
363.53627,-14.233849
363.89224,-12.114575
364.24837,-12.301198
364.60468,-6.3309721
364.96117,-2.1960552
365.31783,-2.4219372
365.67466,2.2227544
366.03167,3.518412
366.38885,11.00229
366.74621,12.972428
367.10374,12.895493
367.46145,12.591092
367.81933,12.882756
368.17738,12.852836
368.53561,6.477803
368.89401,5.4360891
369.25259,3.9629882
369.61134,-3.4787548
369.97026,-0.79502209
370.32936,-2.0250295
370.68863,-3.8119141
371.04808,2.3855004
371.4077,-0.17788397
371.76749,-2.5452045
372.12746,0.70314677
372.48761,2.0142285
372.84793,11.639021
373.20842,12.024584
373.56908,11.868955
373.92992,11.854489
374.29094,12.263537
374.65213,11.833355
375.01349,11.677668
375.37503,11.741574
375.73674,11.656447
376.09862,11.430128
376.46068,11.79203
376.82292,11.495094
377.18533,11.1903
377.54791,11.152159
377.91067,11.106159
378.2736,8.8875966
378.6367,8.7160779
378.99998,10.685721
379.36343,11.157311
379.72706,11.307317
380.09086,9.4024069
380.45484,9.5837567
380.81899,8.737641
381.18331,11.405236
381.54781,11.649287
381.91248,11.705089
382.27733,11.674601
382.64235,11.59704
383.00755,11.503778
383.37292,11.575207
383.73846,11.230936
384.10418,11.184689
384.47007,11.303134
384.83613,11.280387
385.20237,11.234097
385.56879,11.266223
385.93538,11.274806
386.30214,11.338276
386.66908,11.307613
387.03619,11.222034
387.40347,10.085461
387.77093,2.6900486
388.13857,-4.9877308
388.50638,-9.3557209
388.87436,-5.8492157
389.24251,-5.7858623
389.61084,-3.9186019
389.97935,1.7368793
390.34803,0.57665957
390.71688,5.8713273
391.08591,10.350294
391.45511,10.390031
391.82449,10.414067
392.19404,10.398872
392.56376,10.383663
392.93366,9.8272632
393.30373,9.4982996
393.67398,9.4908901
394.0444,9.256015
394.41499,9.5309293
394.78576,9.2568095
395.1567,9.437577
395.52782,7.8144085
395.89911,6.6696567
396.27058,8.3092041
396.64222,6.7957958
397.01403,4.8902161
397.38602,7.5963865
397.75819,9.2201894
398.13052,9.0635856
398.50303,8.8755947
398.87572,8.5464128
399.24858,8.7897653
399.62161,8.9860445
399.99482,8.892113
400.3682,9.1903238
400.74176,9.3708731
401.11549,9.6376822
401.48939,9.6142808
401.86347,9.7477275
402.23772,9.6223361
402.61215,9.3400675
402.98675,9.442098
403.36153,9.489212
403.73648,9.0814095
404.1116,9.4186904
404.4869,9.0657607
404.86237,8.8932087
405.23802,8.9951519
405.61384,8.8617864
405.98983,9.0499749
406.366,9.1910901
406.74235,9.1910143
407.11886,8.9556298
407.49556,8.8770935
407.87242,7.7397191
408.24946,-3.9623758
408.62668,-6.8017401
409.00406,-2.386217
409.38163,-1.1236496
409.75936,1.2134131
410.13727,7.6288925
410.51536,9.111024
410.89362,8.2245136
411.27205,5.0948513
411.65066,6.7808608
412.02944,9.1884243
412.4084,9.0783262
412.78753,9.0623312
413.16683,9.0933805
413.54631,8.9753956
413.92596,7.3750432
414.30579,1.6334998
414.68579,-3.6374699
415.06597,-4.8457091
415.44632,-1.8657276
415.82684,-3.8896822
416.20754,-6.9724748
416.58841,-4.0395958
416.96946,5.136406
417.35068,8.7437657
417.73207,8.7118952
418.11364,7.872167
418.49538,8.6088949
418.8773,7.8710984
419.25939,7.8391696
419.64166,7.9484028
420.0241,6.2458568
420.40671,7.8844726
420.7895,8.0956229
421.17246,8.0087195
421.5556,8.0943505
421.93891,8.297614
422.32239,7.7949806
422.70605,7.3864503
423.08989,7.5582976
423.47389,7.1654244
423.85808,7.2195955
424.24243,6.9678698
424.62696,6.9671098
425.01167,7.3820216
425.39654,7.4126051
425.7816,7.7412132
426.16682,7.8031401
426.55222,7.7630917
426.9378,7.8798915
427.32355,7.9104022
427.70947,6.5761925
428.09557,2.9203996
428.48184,-5.4726628
428.86829,-7.8892692
429.25491,-10.368635
429.6417,-10.526447
430.02867,-8.2685873
430.41582,-11.602899
430.80313,-13.486245
431.19062,-12.059801
431.57829,-13.056901
431.96613,-11.034409
432.35414,-10.502126
432.74233,-11.77378
433.13069,-9.7983897
433.51923,-8.0661511
433.90794,-4.5378487
434.29682,-1.3938745
434.68588,-1.3793266
435.07512,6.1881479
435.46452,7.081098
435.85411,7.0516643
436.24386,7.2496859
436.63379,7.2594766
437.0239,7.2692716
437.41417,7.2790711
437.80463,7.2888749
438.19525,7.298683
438.58605,7.3084956
438.97703,7.3183125
439.36818,7.3281338
439.7595,7.3379595
440.151,7.1281817
440.54267,7.1693886
440.93452,7.2262863
441.32654,7.1420118
441.71873,7.1597025
442.1111,7.3970054
442.50364,7.4068616
442.89636,6.8441733
443.28925,0.17168538
443.68232,0.27567243
444.07556,-2.3262185
444.46897,-1.0614384
444.86256,-0.70645781
445.25632,-2.6024533
445.65026,1.1878302
446.04437,3.0173337
446.43865,6.8782141
446.83311,7.0685106
447.22774,7.0862625
447.62255,6.7197051
448.01753,7.2786422
448.41269,7.2336622
448.80802,7.2435884
449.20352,7.5750877
449.5992,7.5850227
449.99505,7.5949621
450.39108,6.7500039
450.78728,7.2383834
451.18365,6.8248065
451.5802,1.8857438
451.97693,3.3702148
452.37382,-0.18060386
452.77089,-3.8804378
453.16814,-3.0626203
453.56556,-3.2565631
453.96315,3.4122436
454.36092,4.3555644
454.75887,1.5733994
455.15698,2.1559447
455.55527,0.11888647
455.95374,5.0073228
456.35238,7.2761557
456.75119,5.9214636
457.15018,4.8805013
457.54934,3.0552297
457.94868,-1.5857239
458.34819,-1.7639279
458.74787,-1.9891864
459.14773,1.2835987
459.54776,0.093643008
459.94797,-2.4374847
460.34835,0.15296053
460.74891,0.49242977
461.14964,5.6789622
461.55054,7.2262833
461.95162,6.7892951
462.35287,7.2464289
462.7543,7.5545475
463.1559,7.5803174
463.55767,7.4806016
463.95962,7.4514784
464.36174,7.4380458
464.76404,7.3540294
465.16651,7.309233
465.56916,7.1703234
465.97198,6.9373004
466.37497,6.9238897
466.77814,6.9732285
467.18148,6.873552
467.585,7.0170172
467.98869,7.1683299
468.39256,7.2176861
468.79659,7.1572429
469.20081,7.0889608
469.6052,7.0285263
470.00976,7.1798608
470.41449,7.2527683
470.8194,7.1766607
471.22449,7.2338907
471.62975,7.7303407
472.03518,8.0150305
472.44079,7.978156
472.84657,8.0824623
473.25252,8.1789299
473.65865,6.5812842
474.06496,-0.87518068
474.47143,-6.3551706
474.87809,-8.6979012
475.28491,-9.5347451
475.69191,-8.2157774
476.09909,-3.3125055
476.50644,-5.5935568
476.91396,-6.9099117
477.32166,-5.190982
477.72953,-5.4955913
478.13757,-1.9806022
478.54579,-3.2420931
478.95419,-4.1114368
479.36275,-1.7807899
479.7715,-2.2658388
480.18041,2.8020439
480.5895,2.8424662
480.99877,1.682879
481.40821,4.8762234
481.81782,6.0146564
482.22761,7.4119034
482.63757,7.4993369
483.04771,7.6024473
483.45802,7.4937834
483.8685,7.4556983
484.27916,7.5195644
484.68999,7.5991073
485.101,7.5766799
485.51218,7.6483607
485.92353,7.4298359
486.33506,6.9838506
486.74677,7.0162871
487.15864,5.4251848
487.5707,5.2928964
487.98292,7.411579
488.39532,7.2792716
488.8079,7.1312685
489.22064,7.0303147
489.63357,6.8901357
490.04666,6.4440649
490.45994,6.8999453
490.87338,6.6734633
491.287,4.6979521
491.70079,4.2910589
492.11476,6.3782739
492.5289,6.9674401
492.94322,7.1252243
493.35771,7.1182931
493.77238,7.1035093
494.18722,7.1044022
494.60223,7.0503836
495.01742,7.1532183
495.43278,7.0599651
495.84831,6.7706239
496.26402,6.5910772
496.67991,4.1213248
497.09596,0.88293551
497.5122,-2.9280123
497.9286,-4.2526951
498.34518,-4.581309
498.76194,-4.6040501
499.17887,-2.7366045
499.59597,-4.1397567
500.01325,-1.0723302
500.4307,0.073518155
500.84833,-1.9178979
501.26613,-1.1171665
501.6841,-2.5752682
502.10225,-0.12749707
502.52057,0.14771555
502.93907,-1.2241402
503.35774,1.0432103
503.77659,0.43211993
504.1956,3.2720004
504.6148,4.9354008
505.03417,6.387027
505.45371,6.5837417
505.87342,6.4902509
506.29331,6.537927
506.71338,6.5150053
507.13362,6.4920742
507.55403,6.4691335
507.97462,6.4461834
508.39538,6.2349884
508.81631,6.0080977
509.23742,5.9302171
509.65871,5.9542877
510.08017,6.0646234
510.5018,6.1984789
510.92361,6.1284034
511.34559,6.1759655
511.76774,5.9333219
512.19007,5.8161591
512.61257,5.8636926
513.03525,5.5974911
513.4581,5.6685351
513.88113,5.1905499
514.30433,4.932163
514.7277,0.94043334
515.15125,-0.94934506
515.57497,0.8392984
515.99887,1.0906775
516.42294,-3.5520706
516.84719,-2.6497302
517.2716,-3.104262
517.6962,-2.1784112
518.12097,-1.4643345
518.54591,-1.9110517
518.97102,3.4775157
519.39631,2.317054
519.82178,1.5801122
520.24742,2.5451217
520.67323,2.5297296
521.09922,4.8829553
521.52538,4.6244069
521.95171,5.4638882
522.37822,5.6602227
522.80491,5.6369399
523.23176,5.6136476
523.6588,5.5903457
524.086,5.5670344
524.51338,5.5437135
524.94094,5.5203832
525.36867,5.4970433
525.79657,5.473694
526.22465,5.4503351
526.6529,5.4269667
527.08132,5.4035888
527.50992,5.3802015
527.9387,5.3568046
528.36765,5.3333982
528.79677,5.3099823
529.22606,4.6198902
529.65553,3.7572396
530.08518,2.8788933
530.515,3.1142629
530.94499,-0.03076917
531.37516,0.81634614
531.8055,1.4752167
532.23602,-1.2620008
532.66671,0.11841935
533.09757,0.73020253
533.52861,4.6282507
533.95982,4.7223678
534.39121,4.7066715
534.82277,4.6909657
535.25451,4.7850542
535.68641,4.7928588
536.1185,4.6281049
536.55076,4.5574591
536.98319,4.5966077
537.41579,4.6043742
537.84857,4.251347
538.28153,2.8630161
538.71466,1.2236953
539.14796,0.46279638
539.58144,-2.4706611
540.01509,0.53312689
540.44891,-1.5376045
540.88291,-4.5338355
541.31709,-6.6202722
541.75144,-4.7537771
542.18596,-2.3931739
542.62065,-2.8482665
543.05552,-0.17395689
543.49057,-0.45651948
543.92579,1.0334574
544.36118,3.2685229
544.79675,4.4133828
545.23249,4.4131351
545.66841,4.3893485
546.1045,4.3655524
546.54076,4.3417468
546.9772,4.3179317
547.41381,4.2941071
547.8506,4.270273
548.28756,4.2464294
548.72469,4.2225763
549.162,4.1987136
549.59949,4.1748415
550.03714,4.1509599
550.47498,4.0564805
550.91298,4.1031681
551.35116,4.0792579
551.78952,3.9612206
552.22804,3.8980758
552.66675,4.0074704
553.10562,3.9286203
553.54468,3.8889763
553.9839,3.7865778
554.4233,3.6606403
554.86287,3.7072424
555.30262,3.5812859
555.74254,3.4396336
556.18264,3.3920895
556.62291,3.3759084
557.06335,3.2263845
557.50397,2.3709687
557.94477,1.2880925
558.38573,-4.4300874
558.82688,-6.5247474
559.26819,-7.7331423
559.70968,-3.121939
560.15134,-2.0793725
560.59318,-3.2936167
561.03519,-1.7941378
561.47738,-2.4358379
561.91974,1.1342241
562.36228,0.26506793
562.80499,0.80767394
563.24787,1.4287088
563.69093,-0.60908239
564.13416,-0.59981728
564.57756,-0.11996645
565.02114,3.1912544
565.4649,2.9103159
565.90883,1.5783944
566.35293,0.92882337
566.79721,0.28709295
567.24166,1.9120267
567.68628,2.3526441
568.13108,2.9422787
568.57606,3.2495578
569.0212,3.305854
569.46652,3.4248927
569.91202,3.4498113
570.35769,3.3178646
570.80354,2.9663075
571.24955,2.8735715
571.69575,3.1886761
572.14211,3.4018173
572.58866,3.4188776
573.03537,3.3653472
573.48226,3.3196573
573.92932,3.1798473
574.37656,3.1968975
574.82397,3.315906
575.27156,3.38001
575.71932,3.2323467
576.16726,3.3199751
576.61536,3.3605421
577.06365,3.3540477
577.5121,3.2455901
577.96074,3.0822279
578.40954,3.2247456
578.85852,3.0456922
579.30768,3.0156558
579.757,3.2679698
580.20651,3.0653794
580.65618,2.7137668
581.10603,3.0523478
581.55606,3.0379851
582.00626,2.9216591
582.45663,2.9072913
582.90718,2.9948818
583.3579,2.9726658
583.8088,2.9896631
584.25987,2.7635205
584.71111,1.5648264
585.16253,-0.58288985
585.61412,-3.1698243
586.06589,-2.0626436
586.51783,-3.559387
586.96995,-3.6129957
587.42224,-4.1371952
587.8747,-2.3241422
588.32734,-1.4052095
588.78015,-0.58039688
589.23313,1.6248053
589.6863,1.2025541
590.13963,1.9881434
590.59314,2.0443185
591.04682,2.900491
591.50068,3.0037198
591.95471,3.1069461
592.40892,3.1317385
592.86329,3.1251558
593.31785,3.1185707
593.77258,3.1119829
594.22748,3.1053927
594.68256,3.0987999
595.13781,3.0137733
595.59323,2.811097
596.04883,2.820183
596.5046,2.9155409
596.96055,2.9324649
597.41667,2.9023276
597.87297,3.0133643
598.32944,3.045967
598.78608,3.0393515
599.2429,3.0327335
599.69989,3.026113
600.15706,2.8469409
600.6144,2.7775703
601.07192,2.59055
601.52961,2.5996057
601.98747,2.734149
602.44551,2.7667291
602.90372,2.8385222
603.3621,2.7299207
603.82066,2.9193559
604.2794,2.0578082
604.73831,2.0276305
605.19739,1.3543131
605.65665,1.8260911
606.11608,2.7998274
606.57568,2.6990514
607.03546,2.6845474
607.49542,2.4661193
607.95554,2.8280808
608.41585,2.6174907
608.87632,2.0225844
609.33697,1.1374796
609.7978,0.47982312
610.2588,1.1711838
610.71997,1.6899929
611.18132,2.7029171
611.64284,2.4923094
612.10453,2.2816992
612.5664,2.8318708
613.02845,2.8330202
613.49067,2.826324
613.95306,2.8196252
614.41563,2.812924
614.87837,2.8062202
615.34128,2.7995138
615.80437,2.792805
616.26763,2.7782505
616.73107,2.7793798
617.19468,2.7726633
617.65847,2.7659444
618.12243,2.7592229
618.58656,2.752499
619.05087,2.7457725
619.51535,2.7390434
619.98001,2.7323119
620.44484,2.7255778
620.90985,2.7188412
621.37503,2.7121021
621.84038,2.7053604
622.30591,2.6986162
622.77161,2.6918695
623.23749,2.6223752
623.70354,2.6783686
624.16976,2.6716143
624.63616,2.6570144
625.10273,2.4855492
625.56948,2.4160423
626.0364,2.6367289
626.5035,2.6378051
626.97077,2.6310357
627.43821,2.6242638
627.90583,2.6174894
628.37362,2.5950261
628.84159,2.384325
629.30973,2.2285234
629.77804,2.3393859
630.24653,2.3953439
630.71519,2.2944367
631.18403,2.3033309
631.65304,2.2730068
632.12223,2.1564057
632.59159,1.7888217
633.06112,2.3153528
633.53083,2.2693324
634.00071,2.2938977
634.47077,2.232186
634.941,2.3743933
635.41141,2.4930686
635.88199,2.5019376
636.35274,2.4951177
636.82367,2.4882953
637.29477,2.4814704
637.76604,2.4746429
638.23749,2.4678129
638.70912,2.3903922
639.18092,2.3521846
639.65289,2.3845628
640.12504,2.4404678
640.59736,2.4336252
641.06985,2.4267801
641.54252,2.4042462
642.01537,2.4130823
642.48838,2.4062296
642.96158,2.3993744
643.43494,2.3925167
643.90848,2.3856565
644.3822,2.3787937
644.85609,2.3719284
645.33015,2.3650606
645.80439,2.3581902
646.2788,2.3513173
646.75338,2.344442
647.22814,2.337564
647.70308,2.3306836
648.17819,2.3238006
648.65347,2.2933857
649.12892,2.1688507
649.60456,2.2874503
650.08036,2.2884004
650.55634,2.289348
651.03249,2.2824499
651.50882,2.2755492
651.98532,2.1431559
652.462,2.2460541
652.93885,2.2548322
653.41587,2.2008627
653.89307,2.1390475
654.37044,2.1948768
654.84799,2.2271742
655.32571,2.2202534
655.80361,2.21333
656.28168,2.2064042
656.75992,2.1994758
657.23834,2.1925449
657.71693,2.1856114
658.19569,2.1786755
658.67463,2.171737
659.15375,2.164796
659.63304,2.1578525
660.1125,2.1509064
660.59214,2.1439578
661.07195,2.1370067
661.55193,2.1300531
662.03209,2.123097
662.51243,2.1161383
662.99294,2.1091771
663.47362,2.1022134
663.95447,2.0481883
664.43551,2.0882784
664.91671,2.0813071
665.39809,2.0743333
665.87964,2.067357
666.36137,1.7309663
666.84327,1.7082987
667.32535,1.8346481
667.8076,2.0394264
668.29002,1.9932218
668.77262,1.9783871
669.25539,2.018452
669.73834,2.0114555
670.22146,2.0044564
670.70475,1.9974548
671.18822,1.9904507
671.67187,1.9834441
672.15568,1.976435
672.63968,1.9694233
673.12384,1.9624091
673.60818,1.9553924
674.0927,1.9483732
674.57738,1.9413514
675.06225,1.9343272
675.54728,1.9273004
676.0325,1.9045848
676.51788,1.9132392
677.00344,1.9062048
677.48917,1.8991679
677.97508,1.8921285
678.46116,1.8850866
678.94742,1.8388264
679.43385,1.7611912
679.92045,1.8639456
680.40723,1.8568935
680.89419,1.849839
681.38131,1.8427819
681.86861,1.8357223
682.35609,1.8286602
682.84374,1.8215955
683.33156,1.8145283
683.81956,1.8074586
684.30773,1.8003864
684.79608,1.7933116
685.2846,1.7862344
685.7733,1.7791546
686.26217,1.7720723
686.75121,1.7649874
687.24043,1.7579
687.72982,1.7508102
688.21938,1.7437177
688.70912,1.7366228
689.19904,1.7295253
689.68913,1.7224254
690.17939,1.7153229
690.66983,1.7082178
691.16044,1.7011103
691.65122,1.6940002
692.14218,1.6868876
692.63331,1.6797725
693.12462,1.6726548
693.6161,1.6655346
694.10776,1.6584119
694.59959,1.6512867
695.09159,1.644159
695.58377,1.6370287
696.07613,1.6298959
696.56865,1.6227606
697.06135,1.6156228
697.55423,1.6084824
698.04728,1.6013395
698.5405,1.5941941
699.0339,1.5870462
699.52747,1.5798957
700.02122,1.5727428
700.51514,1.5655873
701.00923,1.5584292
701.5035,1.5512687
701.99795,1.5441056
702.49256,1.53694
702.98736,1.5297719
703.48232,1.5226013
703.97746,1.5154281
704.47277,1.5082524
704.96826,1.5010742
705.46393,1.4938935
705.95976,1.4867102
706.45577,1.4795244
706.95196,1.4723361
707.44832,1.4651453
707.94485,1.4579519
708.44156,1.450756
708.93844,1.4435576
709.4355,1.4363567
709.93273,1.4291533
710.43013,1.4219473
710.92771,1.4147388
711.42546,1.4075278
711.92339,1.4003142
712.42149,1.3930982
712.91976,1.3858796
713.41821,1.3786585
713.91684,1.3714348
714.41563,1.3642087
714.91461,1.35698
715.41375,1.3497488
715.91307,1.3425151
716.41257,1.3352788
716.91224,1.32804
717.41208,1.3207987
717.9121,1.3135549
718.41229,1.3063086
718.91265,1.2990597
719.41319,1.2918083
719.91391,1.2845544
720.4148,1.2772979
720.91586,1.270039
721.41709,1.2392481
721.9185,1.2555135
722.42009,1.2325607
722.92185,1.1468602
723.42378,1.2337063
723.92589,1.2264322
724.42817,1.2191556
724.93063,1.2118764
725.43326,1.2045947
725.93606,1.1973105
726.43904,1.1900238
726.94219,1.1827346
727.44552,1.1754428
727.94902,1.1681485
728.45269,1.1608517
728.95654,1.1535523
729.46057,1.1462505
729.96476,1.1389461
730.46914,1.1316392
730.97368,1.1243297
731.4784,1.1170178
731.9833,1.1097033
732.48837,1.1023863
732.99361,1.0950668
733.49902,1.0877447
734.00462,1.0804201
734.51038,1.073093
735.01632,1.0657634
735.52243,1.0584313
736.02872,1.0510966
736.53518,1.0437594
737.04182,1.0364197
737.54863,1.0290775
738.05562,1.0217327
738.56277,1.0143854
739.07011,1.0070356
739.57762,0.99968326
740.0853,0.9923284
740.59315,0.98497102
741.10118,0.97761112
741.60939,0.97024869
742.11776,0.96288374
742.62632,0.95551626
743.13504,0.94814626
743.64394,0.94077374
744.15302,0.9333987
744.66227,0.92602113
745.17169,0.91864103
745.68129,0.91125842
746.19106,0.90387328
746.70101,0.89648562
747.21113,0.88909543
747.72142,0.88170272
748.23189,0.87430749
748.74253,0.86690973
749.25335,0.85950945
749.76434,0.85210664
750.2755,0.84470132
750.78684,0.83729347
751.29836,0.82988309
751.81005,0.82247019
752.32191,0.81505477
752.83394,0.80763683
753.34615,0.80021636
753.85854,0.79279337
754.3711,0.78536785
754.88383,0.77793981
755.39674,0.77050925
755.90982,0.76307616
756.42307,0.75564055
756.9365,0.74820242
757.45011,0.74076176
757.96388,0.73331858
758.47784,0.72587288
758.99196,0.71842465
759.50626,0.7109739
760.02074,0.67214808
760.53539,0.60979032
761.05021,0.68076337
761.56521,0.64192998
762.08038,0.6736823
762.59573,0.66621641
763.11125,0.65874799
763.62694,0.65127705
764.14281,0.64380359
764.65885,0.63632761
765.17507,0.6288491
765.69146,0.62136806
766.20802,0.61388451
766.72476,0.60639843
767.24168,0.59890983
767.75876,0.5914187
768.27602,0.58392505
768.79346,0.57642888
769.31107,0.56893018
769.82886,0.56142896
770.34681,0.55392522
770.86495,0.54641895
771.38325,0.53891016
771.90173,0.53139884
772.42039,0.52388501
772.93922,0.51636864
773.45822,0.50884976
773.9774,0.50132835
774.49675,0.49380442
775.01628,0.48627796
775.53598,0.47874898
776.05585,0.47121748
776.5759,0.46368346
777.09613,0.45614691
777.61652,0.44860783
778.13709,0.44106624
778.65784,0.43352212
779.17876,0.42597547
779.69985,0.41842631
780.22112,0.41087462
780.74256,0.4033204
781.26418,0.39576367
781.78597,0.38820441
782.30794,0.38064262
782.83008,0.37307831
783.35239,0.36551148
783.87488,0.35794213
784.39754,0.35037025
784.92037,0.34279585
785.44338,0.24110128
785.96657,0.21783555
786.48993,0.3200575
787.01346,0.31247301
787.53717,0.30488599
788.06105,0.29729644
788.5851,0.28970438
789.10933,0.21152155
789.63373,0.22745385
790.15831,0.26691304
790.68306,0.25931088
791.20799,0.25170619
791.73309,0.24409899
792.25836,0.23648926
792.78381,0.228877
793.30944,0.22126222
793.83523,0.21364492
794.3612,0.2060251
794.88735,0.19840275
795.41367,0.19077788
795.94016,0.18315048
796.46683,0.17552056
796.99367,0.16788812
797.52069,0.16025316
798.04788,0.15261567
798.57525,0.14497565
799.10278,0.13733312
799.6305,0.12968806
800.15838,0.12204047
800.68645,0.11439037
801.21468,0.10673774
801.74309,0.099082584
802.27168,0.091424907
802.80043,0.060235294
803.32937,-0.024998812
803.85847,-0.22787963
804.38775,-0.1327209
804.91721,-0.17873829
805.44684,-0.17769651
805.97664,-0.34136028
806.50662,-0.05012174
807.03677,-0.1039809
807.5671,-0.000976969
808.0976,0.062811617
808.62827,0.095227996
809.15912,0.096272169
809.69014,0.097316685
810.22134,0.090518406
810.75271,0.099406744
811.28426,0.10045229
811.81597,0.10149817
812.34787,0.1025444
812.87994,0.10359097
813.41218,0.10463789
813.94459,0.10568515
814.47718,0.10673274
815.00995,0.092094412
815.54289,0.10882897
816.076,0.1098776
816.60929,0.11092657
817.14275,0.10413274
817.67638,0.11302554
818.21019,0.11407553
818.74418,0.11512587
819.27834,0.076960871
819.81267,0.03879621
820.34718,0.016318167
820.88186,0.080114976
821.41671,0.04979448
821.95174,0.074376288
822.48694,0.12248785
823.02232,0.12354093
823.55787,0.12459436
824.0936,0.12564812
824.6295,0.12670223
825.16557,0.12775668
825.70182,0.12881148
826.23824,0.12986662
826.77484,0.13092209
827.31161,0.13197792
827.84856,0.093818396
828.38567,0.13409059
828.92297,0.088088617
829.46044,0.042086986
829.99808,0.13726217
830.53589,0.083418086
831.07388,0.12369199
831.61205,-0.087014149
832.15039,-0.007523871
832.6889,0.032751064
833.22759,-0.10736582
833.76645,-0.027874509
834.30548,0.075146552
834.84469,0.13895227
835.38408,0.14785637
835.92363,0.039113751
836.46337,0.095077359
837.00327,0.11966876
837.54335,0.15210364
838.08361,0.15316632
838.62404,0.1463862
839.16464,0.15529269
839.70542,0.1563564
840.24637,0.15742044
840.78749,0.15848483
841.32879,0.15954956
841.87027,0.16061464
842.41192,0.16168005
842.95374,0.16274581
843.49574,0.16381191
844.03791,0.16487835
844.58025,0.16594514
845.12277,0.16701227
845.66546,0.16807974
846.20833,0.15346128
846.75137,0.17021571
847.29459,0.12422539
847.83798,0.007647173
848.38154,0.079304593
848.92528,0.15880549
849.46919,0.17556164
850.01328,0.1452593
850.55754,-0.096807398
851.10198,0.10034193
851.64659,0.17984454
852.19137,0.18091613
852.73633,0.18198805
853.28146,0.18306032
853.82677,0.18413293
854.37225,0.18520589
854.9179,0.18627918
855.46373,0.18735282
856.00973,0.1884268
856.55591,0.18950113
857.10226,0.19057579
857.64879,0.1916508
858.19549,0.19272616
858.74236,0.19380185
859.28941,0.092917104
859.83663,0.054777798
860.38403,0.18134472
860.9316,0.15104923
861.47934,0.17565605
862.02726,0.18457694
862.57535,0.1778119
863.12362,0.20241974
863.67206,0.17212597
864.22068,0.20457764
864.76947,0.20565711
865.31843,0.20673691
865.86757,0.20781706
866.41688,0.20889755
866.96637,0.20997839
867.51603,0.21105956
868.06587,0.21214108
868.61588,0.21322295
869.16606,0.21430515
869.71642,0.2153877
870.26695,0.21647059
870.81765,0.21761274
871.36853,0.21875525
871.91959,0.21989812
872.47082,-0.022095896
873.02222,-0.10722681
873.5738,-0.33353383
874.12555,-0.58336991
874.67747,-0.91948013
875.22957,-0.82421744
875.78185,-0.36817008
876.3343,-0.17878902
876.88692,-0.012937015
877.43971,0.16860163
877.99268,0.12268965
878.54583,0.092464311
879.09915,0.007337371
879.65264,0.11828922
880.20631,0.2213983
880.76015,0.23823323
881.31416,0.23938224
881.86835,0.24053162
882.42272,0.24168136
882.97726,0.24283145
883.53197,0.24398191
884.08686,0.24513274
884.64192,0.24628392
885.19715,0.24743546
885.75256,0.24858737
886.30814,0.24973963
886.8639,0.25089226
887.41983,0.21282956
887.97594,0.15123781
888.53222,0.20729349
889.08867,0.24766324
889.6453,0.25666081
890.2021,0.25781561
890.75908,0.25897077
891.31623,0.26012628
891.87356,0.26128216
892.43106,0.2624384
892.98873,0.21653618
893.54658,0.21769314
894.1046,0.26590929
894.6628,0.23569443
895.22117,0.16626424
895.77971,0.17526578
896.33843,0.2705422
896.89732,0.21679937
897.45639,0.27286082
898.01563,0.27402067
898.57505,0.22027892
899.13463,0.2214395
899.6944,0.20691416
900.25434,0.27866369
900.81445,0.27982535
901.37474,0.24961482
901.9352,0.15665956
902.49583,0.071547792
903.05664,-0.013563614
903.61762,-0.2555374
904.17878,0.11425387
904.74011,0.26443767
905.30162,0.26560222
905.8633,0.29029654
906.42515,0.29146181
906.98718,0.29262744
907.54938,0.29379344
908.11176,0.20084215
908.67431,0.209852
909.23703,0.29729359
909.79993,0.29846103
910.36301,0.29962883
910.92625,0.30079699
911.48968,0.30196551
912.05327,0.3031344
912.61704,0.30430364
913.18099,0.30547325
913.74511,0.30664322
914.3094,0.30781355
914.87386,0.30898424
915.43851,0.31015529
916.00332,0.30348356
916.56831,0.19485142
917.13347,-0.27456468
917.69881,-0.36750983
918.26432,-0.56241541
918.83001,-0.82006572
919.39587,-0.79536272
919.96191,-0.80987506
920.52811,-0.40870075
921.0945,-0.14870256
921.66105,-0.014194201
922.22779,0.057569421
922.79469,0.26266674
923.36177,0.32658795
923.92902,0.25717618
924.49645,0.32109811
925.06406,0.27521648
925.63183,0.331296
926.19978,0.33247391
926.76791,0.33365219
927.33621,0.33483083
927.90468,0.33600983
928.47333,0.2979735
929.04215,0.1266042
929.61114,0.26111762
930.18031,0.34072944
930.74966,0.34191024
931.31918,0.34309141
931.88887,0.32858666
932.45874,0.30623914
933.02878,0.064284138
933.59899,0.049780476
934.16938,0.043120312
934.73995,0.044303646
935.31068,0.061173617
935.88159,0.35255375
936.45268,0.3380519
937.02394,0.35492295
937.59538,0.26199044
938.16698,0.1690583
938.73877,-0.002304856
939.31072,-0.2050402
939.88286,0.007911092
940.45516,0.19733333
941.02764,0.1976511
941.60029,0.017576813
942.17312,0.072796737
942.74612,-0.005316575
943.3193,-0.1697043
943.89265,-0.31840565
944.46618,-0.45142064
945.03987,-0.31776886
945.61375,-0.15274443
946.18779,-0.34066109
946.76202,-0.25406784
947.33641,-0.018454888
947.91098,-0.19068498
948.48573,-0.002130656
949.06064,0.045247291
949.63574,0.20242926
950.211,0.34392504
950.78644,0.21091112
951.36206,0.29750514
951.93785,0.36841299
952.51381,0.36873269
953.08995,0.36905249
953.66626,0.36937239
954.24275,0.36969238
954.81941,0.18962032
955.39624,0.14288168
955.97325,-0.31954313
956.55043,-0.37412471
957.12779,-0.02086306
957.70532,0.22259477
958.28303,0.042523282
958.8609,0.10558915
959.43896,0.1451257
960.01719,0.12976038
960.59559,0.004591246
961.17416,0.067657498
961.75291,0.30327287
962.33184,0.30359421
962.91094,0.36666076
963.49021,0.35129602
964.06966,0.11632354
964.64928,-0.10296257
965.22907,0.14833966
965.80904,0.038857663
966.38919,0.054865962
966.96951,0.21989396
967.55,0.25158873
968.13067,0.29896987
968.71151,0.3463511
969.29252,0.36235989
969.87371,0.21366288
970.45507,0.13555421
971.03661,-0.13078966
971.61832,-0.34223147
972.20021,-0.090928085
972.78227,-0.45138931
973.3645,-0.30988966
973.94691,0.17670814
974.52949,0.23977661
975.11225,0.29500205
975.69518,0.37375699
976.27829,0.22506105
976.86156,0.021463247
977.44502,-0.017428578
978.02865,0.30446401
978.61245,0.27341551
979.19642,0.38354359
979.78057,0.38386783
980.3649,0.29007453
980.9494,0.18843819
981.53407,0.063272531
982.11892,0.30673442
982.70394,0.38549053
983.28913,0.37012908
983.8745,0.30770891
984.46005,0.28450452
985.04576,0.38679042
985.63166,0.042017594
986.21772,-0.16157866
986.80396,-0.11419443
987.39038,0.058680094
987.97697,-0.21550411
988.56373,-0.20733527
989.15067,-0.065833007
989.73778,0.1070419
990.32506,0.18579927
990.91252,0.22534104
991.50016,0.30409859
992.08797,0.32795428
992.67595,0.37533948
993.2641,0.39135223
993.85244,0.32109056
994.44094,0.24298585
995.02962,0.31390085
995.61847,0.024031631
996.2075,-0.21093553
996.7967,-0.39100064
997.38608,-0.44557545
997.97563,-0.25701291
998.56535,0.064883062
999.15525,0.088739912
999.74532,-0.075638435
1000.3356,-0.12236963
1000.926,-0.21615954
1001.5166,0.082207497
1002.1074,0.12175111
1002.6983,0.090706576
1003.2894,-0.034455505
1003.8807,0.14626486
1004.4722,0.20149513
1005.0638,0.23319609
1005.6556,0.11587753
1006.2476,0.17895123
1006.8398,0.28908385
1007.4321,0.30509891
1008.0246,0.23483957
1008.6173,0.086148946
1009.2102,0.047262342
1009.8032,-0.21123201
1010.3964,-0.21090273
1010.9898,-0.17135767
1011.5834,-0.33573409
1012.1771,-0.21775746
1012.771,-0.31154545
1013.3651,-0.31905882
1013.9593,-0.46747532
1014.5538,-0.34922498
1015.1484,-0.27019015
1015.7431,-0.183312
1016.3381,0.060429069
1016.9332,0.22573894
1017.5285,0.19497056
1018.124,0.22694745
1018.7196,0.36088531
1019.3154,0.40070569
1019.9114,0.3228792
1020.5076,0.13524895
1021.1039,0.19859928
1021.7005,0.30116547
1022.2972,0.074320072
1022.894,0.29453367
1023.4911,0.31866902
1024.0883,-0.16699938
1024.6857,-0.62913818
1025.2832,-0.69911995
1025.881,-0.40831723
1026.4789,-0.21163198
1027.077,0.047798545
1027.6752,-0.061398204
1028.2737,0.07254248
1028.8723,0.20648334
1029.471,0.089443985
1030.07,-0.1138697
1030.6691,0.06713051
1031.2684,0.20891521
1031.8679,0.14677853
1032.4676,0.084642017
1033.0674,0.27348608
1033.6674,0.32115384
1034.2676,0.37666492
1034.8679,0.0164899
1035.4684,0.009256234
1036.0691,0.21378745
1036.67,0.21439728
1037.2711,0.17579159
1037.8723,0.28620569
1038.4737,0.20838467
1039.0752,0.099191284
1039.677,0.20176278
1040.2789,0.1474717
1040.881,0.3441612
1041.4833,-0.023855015
1042.0857,-0.22716517
1042.6883,0.15776015
1043.2911,0.30739153
1043.8941,0.20604269
1044.4972,0.32430187
1045.1005,0.38765927
1045.704,0.43533057
1046.3077,0.43594322
1046.9115,0.43655605
1047.5155,0.43716906
1048.1197,0.43778224
1048.724,0.43839561
1049.3286,0.43900914
1049.9333,0.20432874
1050.5382,0.22847204
1051.1432,0.18202729
1051.7484,0.033621923
1052.3538,-0.075567577
1052.9594,-0.16122749
1053.5652,-0.67825977
1054.1711,-0.54431149
1054.7772,-0.63781401
1055.3835,-0.44112027
1055.9899,-0.71501459
1056.5965,-0.75361462
1057.2033,-5.76E-05
1057.8103,0.11036233
1058.4174,-0.053727365
1059.0247,0.39394782
1059.6322,0.43378005
1060.2399,0.45008305
1060.8477,0.45069994
1061.4558,0.44347388
1062.0639,0.40487544
1062.6723,0.38196346
1063.2808,0.4531693
1063.8896,0.45378708
1064.4984,0.45440503
1065.1075,0.34521925
1065.7167,0.36936697
1066.3261,0.30724036
1066.9357,0.3235453
1067.5455,0.29279159
1068.1554,0.27772433
1068.7655,0.1685396
1069.3758,-0.20731161
1069.9862,-0.58316265
1070.5969,0.060594328
1071.2077,0.28082207
1071.8186,0.061834308
1072.4298,0.093827112
1073.0411,0.40817303
1073.6526,0.45585247
1074.2643,0.34666933
1074.8761,0.46493735
1075.4882,0.46555849
1076.1004,0.45049353
1076.7127,0.45111502
1077.3253,0.45957983
1077.938,0.40529972
1078.5509,0.45298056
1079.1639,0.32811257
1079.7772,0.28167612
1080.3906,0.21171044
1081.0042,0.024097875
1081.6179,-0.21057334
1082.2319,-0.50798947
1082.846,-0.28775836
1083.4603,-0.13811532
1084.0747,-0.46690347
1084.6894,-0.074122816
1085.3042,0.42846194
1085.9192,0.41339981
1086.5343,0.47676923
1087.1496,0.47739372
1087.7651,0.46233212
1088.3808,0.47864325
1088.9967,0.47926828
1089.6127,0.40146211
1090.2289,0.40993063
1090.8453,0.48114442
1091.4618,0.46608389
1092.0786,0.44318039
1092.6954,0.37321824
1093.3125,0.17776607
1093.9298,0.15486311
1094.5472,-0.14254949
1095.1648,-0.23604034
1095.7826,-0.40011925
1096.4005,-0.32890387
1097.0186,-0.43808046
1097.6369,-0.60215884
1098.2554,-0.65643312
1098.874,-0.39698173
1099.4928,-0.23949096
1100.1118,-0.011411765
1100.731,0.35784407
1101.3503,0.4761197
1101.9698,0.48459157
1102.5895,0.45384794
1103.2094,0.49369272
1103.8294,0.40804749
1104.4496,0.46357889
1105.07,0.49558107
1105.6905,0.47268146
1106.3113,0.4654683
1106.9322,0.497471
1107.5532,0.49810134
1108.1745,0.36539851
1108.7959,0.10720567
1109.4175,-0.025496805
1110.0393,0.006506784
1110.6613,-0.094822785
1111.2834,-0.47066198
1111.9057,-0.37591276
1112.5281,-0.38312416
1113.1508,-0.50798243
1113.7736,-0.774017
1114.3966,-0.30279648
1115.0198,-0.25510521
1115.6431,-0.45839415
1116.2666,-0.30874173
1116.8903,-0.38654012
1117.5142,0.029779316
1118.1382,0.10884403
1118.7624,0.070261853
1119.3868,0.1885426
1120.0114,0.40878431
1120.6361,0.3649292
1121.261,0.4387286
1121.8861,0.15959428
1122.5114,0.29615369
1123.1368,0.48762251
1123.7624,0.23203996
1124.3882,0.25881781
1125.0142,0.52089723
1125.6403,0.3829841
1126.2666,0.46468627
1126.8931,0.48365079
1127.5197,0.51830905
1128.1466,0.66277867
1128.7736,0.88568713
1129.4007,0.83409323
1130.0281,0.93936953
1130.6556,0.96622192
1131.2833,0.99308176
1131.9112,0.98073336
1132.5392,1.0232944
1133.1674,1.073706
1133.7958,1.0143211
1134.4244,1.0412182
1135.0531,1.1543973
1135.6821,1.1813093
1136.3111,1.1376406
1136.9404,1.1331949
1137.5698,1.1209136
1138.1995,0.93609074
1138.8293,0.53951061
1139.4592,0.30764382
1140.0893,0.73460801
1140.7197,0.78510906
1141.3501,0.67875482
1141.9808,0.8155453
1142.6116,1.226853
1143.2426,1.285227
1143.8738,1.3436085
1144.5052,1.1588602
1145.1367,1.2015702
1145.7684,1.4089937
1146.4003,1.5066206
1147.0323,1.431706
1147.6646,1.419544
1148.297,1.5250364
1148.9295,1.4423011
1149.5623,1.5478084
1150.1952,1.7239115
1150.8283,1.8137475
1151.4616,1.7153557
1152.095,1.6326575
1152.7286,1.6989865
1153.3624,1.7417935
1153.9964,1.7924511
1154.6306,1.8901749
1155.2649,1.5800631
1155.8994,1.8268215
1156.534,1.8618226
1157.1689,2.0144782
1157.8039,1.9475335
1158.4391,1.9354981
1159.0744,1.7901369
1159.71,2.03694
1160.3457,2.1268878
1160.9816,2.1619411
1161.6176,1.9930803
1162.2538,1.9497171
1162.8903,2.0789105
1163.5268,1.8159544
1164.1636,1.8039861
1164.8005,1.9724175
1165.4376,2.242817
1166.0749,2.1838123
1166.7124,2.2110896
1167.35,2.3246488
1167.9878,2.3989998
1168.6258,2.2851229
1169.2639,2.4457633
1169.9022,2.4417053
1170.5407,2.5317723
1171.1794,2.6218468
1171.8182,2.5550661
1172.4573,2.5431947
1173.0965,2.601919
1173.7358,2.668494
1174.3754,2.6880175
1175.0151,2.8173525
1175.655,2.6878713
1176.295,2.5348682
1176.9353,2.123049
1177.5757,2.5426098
1178.2163,2.6562958
1178.857,2.7150872
1179.498,2.7660429
1180.1391,2.8170061
1180.7804,2.8209179
1181.4218,2.816994
1182.0635,2.8052345
1182.7053,2.9268157
1183.3472,2.9229142
1183.9894,3.0366672
1184.6317,3.1425845
1185.2742,3.115176
1185.9169,3.1269906
1186.5598,2.9741067
1187.2028,3.0251519
1187.846,3.0683614
1188.4894,3.323343
1189.1329,3.3744106
1189.7766,3.221564
1190.4205,3.2648033
1191.0646,3.3864814
1191.7088,3.2336572
1192.3533,3.0180954
1192.9979,2.9672468
1193.6426,3.1909156
1194.2876,3.3283173
1194.9327,3.5363146
1195.578,3.5168685
1196.2234,3.4503709
1196.8691,3.6583907
1197.5149,3.5291629
1198.1609,3.7528838
1198.807,3.7726906
1199.4534,3.7532892
1200.0999,3.8829148
1200.7466,3.7772538
1201.3934,3.8441492
1202.0405,3.6914443
1202.6877,3.5701193
1203.335,3.6527234
1203.9826,3.4921976
1204.6303,3.4885421
1205.2782,3.6495999
1205.9263,3.8734103
1206.5746,3.5246791
1207.223,3.5445827
1207.8716,3.9488076
1208.5204,3.8667654
1209.1693,4.0670836
1209.8184,4.2281936
1210.4677,4.1226444
1211.1172,4.3700438
1211.7668,4.2723526
1212.4167,4.4256492
1213.0667,4.4848357
1213.7168,4.277363
1214.3672,4.3679369
1215.0177,4.5526359
1215.6684,4.5098914
1216.3192,4.4985269
1216.9703,4.4479541
1217.6215,4.5464085
1218.2729,4.4409487
1218.9244,4.3433395
1219.5762,4.4182868
1220.2281,4.1089278
1220.8802,4.0897723
1221.5324,4.4470949
1222.1849,4.4279543
1222.8375,4.510782
1223.4902,4.303421
1224.1432,4.6843028
1224.7963,4.6495058
1225.4496,4.8029516
1226.1031,4.9564047
1226.7568,4.9686889
1227.4106,4.9339217
1228.0646,4.899162
1228.7188,5.0055861
1229.3731,4.7590766
1230.0276,4.4184568
1230.6823,4.7052955
1231.3372,4.6784162
1231.9922,4.6280149
1232.6475,4.632523
1233.3029,4.1429209
1233.9584,3.8886204
1234.6142,4.3166803
1235.2701,3.8741594
1235.9262,3.7375283
1236.5824,4.0244341
1237.2389,4.3270336
1237.8955,4.6453268
1238.5523,4.8616667
1239.2092,4.8897788
1239.8664,4.9884865
1240.5237,4.530339
1241.1812,4.7937675
1241.8388,5.0179879
1242.4967,4.9990784
1243.1547,5.0821371
1243.8128,5.0004974
1244.4712,4.8404338
1245.1297,4.9392012
1245.7884,4.5438584
1246.4473,4.6975426
1247.1064,4.545352
1247.7656,4.4166982
1248.425,4.350797
1249.0846,4.7790208
1249.7443,4.1484286
1250.4042,4.5766674
1251.0643,4.8323646
1251.7246,4.7586575
1252.385,4.6771147
1253.0457,5.0034225
1253.7064,5.1336594
1254.3674,5.0050801
1255.0286,5.488273
1255.6899,5.2499048
1256.3514,4.9095832
1257.013,5.3927984
1257.6749,5.6250408
1258.3369,5.4494474
1258.9991,5.4385674
1259.6614,5.6159301
1260.324,5.5972219
1260.9867,5.7275407
1261.6496,5.3010042
1262.3126,5.1097693
1262.9758,5.2950125
1263.6392,5.2214396
1264.3028,4.7557172
1264.9666,5.6311788
1265.6305,5.659589
1266.2946,5.5546733
1266.9589,5.1203534
1267.6233,4.7409428
1268.288,5.0517358
1268.9528,5.0017519
1269.6177,4.8576578
1270.2829,5.1998456
1270.9482,5.1577273
1271.6137,5.6254202
1272.2794,4.7205716
1272.9452,5.1647501
1273.6112,5.6481517
1274.2774,5.0962667
1274.9438,4.8894871
1275.6103,5.3493817
1276.2771,5.879872
1276.9439,5.9789971
1277.611,6.2742082
1278.2783,5.8086423
1278.9457,6.0489663
1279.6132,6.3128272
1280.281,6.0276759
1280.9489,6.1190026
1281.6171,6.0377878
1282.2853,6.2546197
1282.9538,6.2989099
1283.6224,6.3432077
1284.2912,6.1835913
1284.9602,6.6357471
1285.6294,6.899675
1286.2987,6.7087085
1286.9682,6.4706905
1287.6379,6.5228761
1288.3077,6.8260495
1288.9778,6.7213873
1289.648,6.2167325
1290.3183,5.8767911
1290.9889,5.6623473
1291.6596,6.1773227
1292.3305,5.5315212
1293.0016,5.3484723
1293.6728,5.7458231
1294.3442,5.9784753
1295.0158,5.9052527
1295.6876,5.7222337
1296.3595,5.7588299
1297.0316,6.109159
1297.7039,6.2320447
1298.3764,5.9863103
1299.049,5.6856814
1299.7218,6.0517267
1300.3948,6.1511127
1301.068,6.5328592
1301.7413,6.0440248
1302.4148,5.8610803
1303.0885,5.9918687
1303.7624,6.2324685
1304.4364,6.1593502
1305.1106,6.3450629
1305.785,6.813136
1306.4595,6.504746
1307.1343,6.5571478
1307.8092,6.4291648
1308.4843,6.8737384
1309.1595,7.2477311
1309.8349,7.2687901
1310.5105,7.258484
1311.1863,6.7148521
1311.8622,7.2065217
1312.5384,6.9844733
1313.2147,6.9192951
1313.8911,6.7600066
1314.5678,6.7105296
1315.2446,5.9238051
1315.9216,6.0861077
1316.5988,6.1856726
1317.2761,6.5675979
1317.9536,6.3299229
1318.6313,5.9432356
1319.3092,5.9879284
1319.9872,5.5855698
1320.6654,5.9596893
1321.3438,6.2946005
1322.0224,6.3628525
1322.7011,6.5566022
1323.38,6.4131044
1324.0591,6.7480454
1324.7384,6.3535822
1325.4178,6.2101067
1326.0974,6.9607564
1326.7772,7.0290606
1327.4571,6.5483526
1328.1372,6.9852992
1328.8176,7.01441
1329.498,7.310195
1330.1787,7.3393208
1330.8595,6.8743363
1331.5405,7.076026
1332.2217,7.2228212
1332.903,6.5460945
1333.5845,6.20663
1334.2662,6.1730554
1334.9481,7.2061549
1335.6302,6.4823992
1336.3124,6.7625724
1336.9948,7.0898119
1337.6773,6.3817648
1338.3601,6.4031369
1339.043,6.7931438
1339.7261,6.4459034
1340.4093,6.9535723
1341.0928,7.2808566
1341.7764,7.0277561
1342.4602,7.0021141
1343.1441,6.607852
1343.8283,6.8253622
1344.5126,7.4036641
1345.1971,7.6604048
1345.8817,7.344604
1346.5666,6.8405753
1347.2516,7.5365541
1347.9367,7.244305
1348.6221,7.5089261
1349.3076,7.8362998
1349.9933,7.7793672
1350.6792,7.9263637
1351.3652,8.2459166
1352.0515,8.2282221
1352.7379,8.3595546
1353.4244,8.8281495
1354.1112,9.077144
1354.7981,8.7300675
1355.4852,8.6026063
1356.1725,8.0908388
1356.8599,8.0339808
1357.5475,7.7575223
1358.2353,7.2065615
1358.9233,6.6869808
1359.6114,7.226231
1360.2998,7.0674494
1360.9882,6.5165184
1361.6769,6.1538302
1362.3657,5.9480122
1363.0548,6.9735741
1363.7439,8.0932612
1364.4333,6.9227597
1365.1228,7.3601087
1365.8125,7.4523672
1366.5024,7.53679
1367.1925,8.0055339
1367.8827,8.7174226
1368.5731,8.5273579
1369.2637,8.6588693
1369.9545,8.6335254
1370.6454,8.1376008
1371.3365,8.1358012
1372.0278,8.5889111
1372.7192,8.4930088
1373.4108,7.48731
1374.1026,7.3365207
1374.7946,7.6092682
1375.4868,7.47418
1376.1791,7.1038052
1376.8716,7.2824574
1377.5642,7.8846465
1378.2571,7.4201764
1378.9501,8.0459098
1379.6433,7.722631
1380.3367,7.5326931
1381.0302,8.5192332
1381.7239,7.7802905
1382.4178,7.6139043
1383.1119,7.7769374
1383.8061,7.6340955
1384.5005,7.7265552
1385.1951,7.1445126
1385.8899,7.3703205
1386.5848,7.0079006
1387.2799,6.9827431
1387.9752,6.8477891
1388.6706,6.8383327
1389.3663,6.781825
1390.0621,7.0155208
1390.7581,7.0531457
1391.4542,7.6476407
1392.1505,7.489202
1392.847,8.0052806
1393.5437,8.1684254
1394.2406,7.9394208
1394.9376,8.6672865
1395.6348,7.7324145
1396.3322,7.2916675
1397.0297,8.615634
1397.7274,9.1709804
1398.4253,8.4086872
1399.1234,7.6856172
1399.8216,8.4605938
1400.5201,8.953225
1401.2187,9.0615498
1401.9174,9.0522351
1402.6164,9.0821435
1403.3155,8.6728437
1404.0148,9.0164925
1404.7142,8.4660311
1405.4139,8.2214595
1406.1137,7.725915
1406.8137,7.8499858
1407.5138,7.6211228
1408.2142,7.5020713
1408.9147,8.1045958
1409.6153,8.095363
1410.3162,7.3175103
1411.0172,6.8612336
1411.7184,7.5500625
1412.4198,7.2506635
1413.1214,7.1081347
1413.8231,7.3891427
1414.525,7.0740798
1415.2271,7.0178479
1415.9293,6.4126038
1416.6318,7.3132495
1417.3344,6.9433144
1418.0371,6.8557397
1418.7401,7.2073882
1419.4432,7.206103
1420.1465,7.824433
1420.85,7.3368882
1421.5536,6.9826841
1422.2574,7.0990757
1422.9614,7.3880238
1423.6656,7.3240382
1424.3699,6.6482953
1425.0744,6.6313834
1425.7791,6.4419299
1426.484,6.7858173
1427.189,6.384614
1427.8942,6.2500849
1428.5996,5.4488965
1429.3052,4.8359509
1430.0109,5.7994833
1430.7168,5.664984
1431.4229,5.6089235
1432.1292,6.2038508
1432.8356,6.2027072
1433.5422,6.4133357
1434.249,6.7886776
1434.9559,6.3640269
1435.6631,6.2766386
1436.3704,7.0833754
1437.0778,6.7920804
1437.7855,7.0498125
1438.4933,7.307552
1439.2013,5.3456911
1439.9095,4.8661907
1440.6178,4.9906192
1441.3263,5.3503493
1442.035,6.2669497
1442.7439,6.3835574
1443.4529,6.7825256
1444.1622,6.3187561
1444.8716,5.8785235
1445.5811,4.332416
1446.2909,4.9196493
1447.0008,5.5853214
1447.7109,6.4313931
1448.4211,5.489237
1449.1316,4.7980688
1449.8422,4.5382805
1450.553,5.3451663
1451.2639,5.4775498
1451.9751,4.5432741
1452.6864,4.2913588
1453.3978,5.0512156
1454.1095,5.9208838
1454.8213,4.9944811
1455.5333,4.5308309
1456.2455,5.5416979
1456.9579,4.8192391
1457.6704,4.457572
1458.3831,5.0135595
1459.096,5.2479857
1459.809,4.7373214
1460.5222,4.4384293
1461.2356,4.6885642
1461.9492,4.7426281
1462.663,4.6163073
1463.3769,4.2154842
1464.091,3.8617274
1464.8052,4.1903309
1465.5197,3.4209027
1466.2343,3.0750114
1466.9491,3.0506961
1467.6641,3.4812903
1468.3792,2.3354213
1469.0945,2.7738735
1469.81,3.722137
1470.5257,2.8743296
1471.2415,3.4931963
1471.9575,3.7277568
1472.6737,3.5387953
1473.3901,2.4557235
1474.1066,3.3020711
1474.8233,4.6347005
1475.5402,3.9124355
1476.2572,3.3156681
1476.9745,4.1777317
1477.6919,3.9731361
1478.4095,4.058744
1479.1272,3.9796535
1479.8451,4.1672371
1480.5632,4.0803183
1481.2815,4.8875247
1482,3.9143464
1482.7186,3.0352931
1483.4374,3.6621297
1484.1564,3.5987776
1484.8755,2.5942565
1485.5948,3.2995468
1486.3143,3.5185701
1487.034,4.2238753
1487.7538,4.9762468
1488.4739,5.1717629
1489.194,4.3163062
1489.9144,2.9432098
1490.6349,2.6132582
1491.3557,3.4754709
1492.0765,3.4357302
1492.7976,2.4391343
1493.5188,1.7719575
1494.2403,1.2224353
1494.9618,2.1239009
1495.6836,1.0959622
1496.4055,1.0484232
1497.1276,1.942068
1497.8499,2.8357203
1498.5724,1.6274193
1499.295,2.0818708
1500.0178,3.2029965
1500.7408,4.0260903
1501.4639,4.8727211
1502.1873,5.0370064
1502.9108,5.5542402
1503.6345,4.5185404
1504.3583,4.5024559
1505.0823,4.8079474
1505.8065,4.5565837
1506.5309,4.4071882
1507.2554,4.822506
1507.9802,4.1711646
1508.7051,2.8139483
1509.4301,1.9508572
1510.1554,2.1309107
1510.8808,1.8090109
1511.6064,0.51456951
1512.3321,1.5966062
1513.0581,2.2159052
1513.7842,0.84305483
1514.5105,1.7447217
1515.2369,3.3052196
1515.9636,3.2421955
1516.6904,3.4144729
1517.4174,2.8965618
1518.1445,3.4845404
1518.8719,5.186252
1519.5994,7.0840495
1520.3271,7.1073447
1521.0549,6.5267257
1521.7829,6.7304279
1522.5111,6.1498238
1523.2395,5.3025605
1523.9681,4.7298145
1524.6968,3.0825661
1525.4257,2.8784624
1526.1548,3.0743662
1526.884,3.0585127
1527.6135,3.4112942
1528.3431,2.9562399
1529.0728,3.2698206
1529.8028,4.0147812
1530.5329,3.0734748
1531.2632,3.0341367
1531.9937,1.9751981
1532.7243,1.6770514
1533.4551,1.4573434
1534.1861,2.2415645
1534.9173,2.6963812
1535.6486,1.7629701
1536.3801,1.0413312
1537.1118,2.4216605
1537.8437,3.2608208
1538.5757,1.8254788
1539.3079,1.1666148
1540.0403,1.4881504
1540.7729,0.86067381
1541.5056,-0.11189333
1542.2385,0.53123325
1542.9716,1.0645634
1543.7048,0.91554801
1544.4383,1.5508538
1545.1719,1.8489122
1545.9057,2.1626643
1546.6396,1.2685807
1547.3737,0.90783788
1548.108,1.2686712
1548.8425,0.5393158
1549.5772,0.33545811
1550.312,0.59435296
1551.047,-0.087921204
1551.7822,0.80628267
1552.5175,0.10049401
1553.253,-0.91116956
1553.9887,-0.2443943
1554.7246,-0.47172924
1555.4606,0.053884459
1556.1968,0.31283894
1556.9332,-0.14976775
1557.6698,-0.49471993
1558.4065,-0.047507789
1559.1434,-0.52577839
1559.8805,-0.56482586
1560.6178,-0.59602273
1561.3552,-0.46250627
1562.0928,-0.56427647
1562.8306,-1.0974118
1563.5686,-0.93409119
1564.3067,0.26453799
1565.045,-0.07407325
1565.7835,0.37164372
1566.5222,0.80953203
1567.261,0.29057209
1568,-0.44798122
1568.7392,0.27230349
1569.4785,1.0239752
1570.2181,1.3913477
1570.9578,2.3940288
1571.6976,1.8202538
1572.4377,1.858258
1573.1779,2.7433355
1573.9183,3.204898
1574.6589,3.5566712
1575.3996,2.8417921
1576.1405,2.723006
1576.8816,1.5532539
1577.6229,1.5756732
1578.3643,2.0059501
1579.106,1.8087905
1579.8478,0.96066503
1580.5897,-0.21685774
1581.3319,1.0370065
1582.0742,0.28304212
1582.8167,-0.27482936
1583.5593,0.45358815
1584.3022,0.005549561
1585.0452,-0.21502357
1585.7883,0.55265308
1586.5317,-0.09926363
1587.2752,0.77824591
1588.0189,1.0989072
1588.7628,0.88624961
1589.5069,2.1716457
1590.2511,1.8099975
1590.9955,1.5660108
1591.7401,2.3259602
1592.4848,1.2584731
1593.2298,1.2027652
1593.9749,1.8529541
1594.7201,1.0757065
1595.4656,1.4671008
1596.2112,1.6075293
1596.957,1.4813055
1597.703,0.66490019
1598.4491,1.0406662
1599.1955,2.7184075
1599.9419,1.3608691
1600.6886,0.72491385
1601.4355,2.1674045
1602.1825,2.4961841
1602.9297,3.1151742
1603.677,5.6479043
1604.4246,7.0826098
1605.1723,7.9212512
1605.9202,8.0304954
1606.6682,7.2848521
1607.4165,5.8647134
1608.1649,5.1818442
1608.9135,4.5460483
1609.6622,3.9102668
1610.4112,3.109794
1611.1603,3.360316
1611.9095,3.3755584
1612.659,2.120227
1613.4086,2.1747141
1614.1584,3.3507842
1614.9084,3.4758885
1615.6586,3.2637523
1616.4089,3.1692777
1617.1594,1.7728568
1617.9101,1.5764503
1618.6609,1.7565289
1619.4119,1.9679946
1620.1631,1.7716316
1620.9145,1.3164596
1621.666,0.78287062
1622.4178,0.39831579
1623.1697,1.1510303
1623.9217,1.4880731
1624.674,2.319248
1625.4264,2.2641628
1626.179,1.8247784
1626.9317,2.899134
1627.6847,3.393112
1628.4378,3.3694573
1629.1911,2.4752289
1629.9445,2.8202306
1630.6982,2.4436783
1631.452,1.6828266
1632.206,2.380813
1632.9601,3.1650884
1633.7145,3.2278096
1634.469,2.9768199
1635.2237,2.5454524
1635.9785,2.1925308
1636.7335,2.6709963
1637.4887,3.023986
1638.2441,4.4358138
1638.9997,3.4554991
1639.7554,2.875199
1640.5113,2.906678
1641.2674,3.1813088
1642.0236,3.8324246
1642.78,2.601202
1643.5366,1.6366606
1644.2934,2.5388002
1645.0504,1.5115427
1645.8075,0.68037798
1646.5648,1.6374631
1647.3222,2.0376999
1648.0799,2.4065787
1648.8377,2.1244916
1649.5957,2.1953601
1650.3538,2.3446745
1651.1122,1.3724347
1651.8707,2.031582
1652.6294,1.6711359
1653.3882,1.0440376
1654.1473,2.024797
1654.9065,1.1624335
1655.6659,1.4138101
1656.4254,1.8377501
1657.1852,2.44994
1657.9451,1.7131247
1658.7052,0.99201013
1659.4654,1.525812
1660.2258,0.19296176
1660.9864,0.56992989
1661.7472,1.6371086
1662.5082,0.27292921
1663.2693,1.9362153
1664.0306,1.2230453
1664.7921,0.4785172
1665.5537,0.91047419
1666.3155,1.0836221
1667.0775,0.033255155
1667.8397,0.48878501
1668.6021,0.56785876
1669.3646,0.6077313
1670.1273,0.92212813
1670.8901,0.36595122
1671.6532,0.97057309
1672.4164,0.90854279
1673.1798,0.9798603
1673.9434,0.61197661
1674.7071,1.138225
1675.471,2.5586056
1676.2351,2.284883
1676.9994,3.2111749
1677.7638,3.2825793
1678.5284,3.2049786
1679.2932,2.7901375
1680.0581,2.2655069
1680.8233,2.2193222
1681.5886,1.8123677
1682.3541,2.5269962
1683.1197,1.9553648
1683.8855,0.5445321
1684.6515,0.46704726
1685.4177,0.96212592
1686.1841,1.9356504
1686.9506,0.51703257
1687.7173,-0.27411984
1688.4842,0.079840285
1689.2512,0.99067764
1690.0184,0.31721574
1690.7858,-0.80329049
1691.5534,-0.42574302
1692.3212,0.97142677
1693.0891,1.450964
1693.8572,2.2520843
1694.6254,3.0610623
1695.3939,2.9210351
1696.1625,3.7614146
1696.9313,4.6802399
1697.7002,4.8382954
1698.4694,4.063032
1699.2387,3.0760184
1700.0082,2.2772546
1700.7778,1.9804661
1701.5477,1.5189862
1702.3177,1.7634031
1703.0879,0.74508935
1703.8582,0.11110384
1704.6288,1.1398779
1705.3995,1.9255292
1706.1704,1.4170774
1706.9414,1.4498165
1707.7126,0.72178573
1708.484,1.5153381
1709.2556,0.70890497
1710.0274,0.33385886
1710.7993,0.31176841
1711.5714,0.96420225
1712.3437,1.9617486
1713.1161,1.9004859
1713.8887,1.1019828
1714.6615,1.3701609
1715.4345,0.814824
1716.2076,0.98891337
1716.981,0.59831133
1717.7545,0.074390454
1718.5281,-0.33971202
1719.302,-0.087133347
1720.076,0.23604805
1720.8502,-0.23291294
1721.6245,0.67068958
1722.3991,0.9468556
1723.1738,0.51715375
1723.9487,0.48746638
1724.7237,1.2185778
1725.499,1.392841
1726.2744,0.84555001
1727.05,0.87866567
1727.8257,0.34708994
1728.6017,0.10572477
1729.3778,0.20947212
1730.154,0.45441042
1730.9305,-1.2692642
1731.7071,-1.1576303
1732.4839,-0.19107992
1733.2609,0.44607318
1734.0381,0.32245646
1734.8154,0.14395225
1735.5929,0.051737037
1736.3706,-0.40909114
1737.1484,0.48695791
1737.9264,0.19870771
1738.7046,0.10655043
1739.483,0.084995872
1740.2615,0.39286756
1741.0403,-0.020814896
1741.8191,-0.47369855
1742.5982,-0.071665769
1743.3775,-0.46177536
1744.1569,0.75597266
1744.9365,0.53059792
1745.7162,-0.45554666
1746.4962,0.23675462
1747.2763,0.4898547
1748.0566,-0.37859936
1748.837,-1.6156664
1749.6177,-0.44487581
1750.3985,-0.31720799
1751.1795,-0.88756491
1751.9606,0.52640638
1752.7419,0.73254902
1753.5234,0.5522398
1754.3051,0.78763086
1755.087,0.23872219
1755.869,-0.36507443
1756.6512,0.17624099
1757.4336,-0.3804688
1758.2161,-0.47441948
1758.9989,0.53752618
1759.7818,0.57693684
1760.5648,-0.003246352
1761.3481,-0.24616063
1762.1315,-0.26945307
1762.9151,0.75824889
1763.6989,0.021258975
1764.4828,-0.025520861
1765.2669,0.029674091
1766.0512,-0.78570519
1766.8357,0.40677267
1767.6203,0.30514689
1768.4052,0.36824099
1769.1901,0.16468244
1769.9753,-0.062391532
1770.7606,0.016430857
1771.5462,0.079580976
1772.3318,0.064313725
1773.1177,0.19156948
1773.9037,-0.81057571
1774.6899,-0.25976891
1775.4763,0.98908794
1776.2629,0.065406586
1777.0496,-0.94453845
1777.8365,0.13964498
1778.6236,-0.37616077
1779.4109,-0.67234786
1780.1983,-0.41166137
1780.9859,-0.23723858
1781.7737,-0.12555006
1782.5616,1.2724238
1783.3497,0.56060455
1784.138,0.31154122
1784.9265,0.79190048
1785.7152,0.26834899
1786.504,-0.92185834
1787.293,-0.37872152
1788.0822,0.1801124
1788.8715,0.37817283
1789.661,0.058597024
1790.4507,-0.27665424
1791.2406,-0.51777703
1792.0306,0.43326786
1792.8208,0.37255887
1793.6112,0.900096
1794.4018,1.7492126
1795.1925,1.5316733
1795.9834,2.121988
1796.7745,1.2064312
1797.5658,0.76931651
1798.3572,1.2577029
1799.1488,0.73433537
1799.9406,-0.016472301
1800.7326,0.8013583
1801.5247,0.55253306
1802.317,-0.26883038
1803.1095,0.14903269
1803.9021,0.49631835
1804.695,0.1847913
1805.488,0.28896134
1806.2811,0.35392652
1807.0745,0.54439272
1807.868,1.0093795
1808.6617,1.4116321
1809.4556,1.5158563
1810.2496,1.0553853
1811.0439,1.8733566
1811.8383,1.7266329
1812.6328,1.2191356
1813.4276,1.4253747
1814.2225,2.0629971
1815.0176,2.5829833
1815.8128,3.6363136
1816.6083,3.2857332
1817.4039,3.3508499
1818.1997,2.7806833
1818.9957,2.1556255
1819.7918,1.8129316
1820.5881,1.6506406
1821.3846,0.97855645
1822.1813,0.98099298
1822.9781,1.3206952
1823.7751,0.84472202
1824.5723,1.0432694
1825.3696,1.5320238
1826.1672,1.5188281
1826.9649,0.89387861
1827.7628,0.90423402
1828.5608,0.53028653
1829.359,0.26615379
1830.1574,0.80203187
1830.956,1.5967443
1831.7548,0.45421265
1832.5537,0.64502516
1833.3528,0.49075045
1834.1521,0.14040813
1834.9515,0.76262565
1835.7511,0.93779517
1836.5509,1.771799
1837.3509,1.2881667
1838.151,1.3378785
1838.9514,0.41505206
1839.7519,0.84909921
1840.5525,1.3380592
1841.3534,0.17212796
1842.1544,-0.64085124
1842.9556,-0.12048628
1843.7569,-0.51775756
1844.5585,-0.14639056
1845.3602,-0.28481667
1846.1621,0.063042558
1846.9641,0.48934398
1847.7664,0.5313425
1848.5688,0.83217537
1849.3713,1.5722347
1850.1741,0.97112847
1850.977,0.43277812
1851.7801,0.98463467
1852.5834,2.4855217
1853.3869,2.3785763
1854.1905,1.3069359
1854.9943,1.8980514
1855.7983,3.0068248
1856.6024,2.0214914
1857.4068,2.3538159
1858.2113,1.7998767
1859.0159,1.2459483
1859.8208,0.91948166
1860.6258,1.0400847
1861.431,1.7254044
1862.2364,0.72446051
1863.0419,0.13137053
1863.8476,-0.10876745
1864.6535,-0.64693383
1865.4596,-0.48705016
1866.2658,0.95127569
1867.0722,1.0013771
1867.8788,-0.054393068
1868.6856,0.33298486
1869.4925,0.49292264
1870.2996,1.0607144
1871.1069,1.4010659
1871.9144,1.5061342
1872.722,2.8112133
1873.5298,3.4888523
1874.3378,3.6017961
1875.146,3.1186724
1875.9543,2.6512458
1876.7628,2.3406927
1877.5715,2.3517191
1878.3803,2.2529524
1879.1894,2.1698828
1879.9986,1.9064318
1880.8079,0.30181523
1881.6175,0.022699644
1882.4272,0.86516351
1883.2371,0.86842251
1884.0472,1.2324767
1884.8574,0.98477691
1885.6679,1.4586566
1886.4785,1.4619589
1887.2892,1.3162524
1888.1002,1.1313411
1888.9113,0.62487189
1889.7226,0.71449198
1890.534,0.85118171
1891.3457,0.34474502
1892.1575,0.65400542
1892.9695,1.386806
1893.7816,0.57451946
1894.594,0.83675351
1895.4065,0.8950768
1896.2192,0.93772464
1897.032,1.3176382
1897.8451,0.35638613
1898.6583,0.77553703
1899.4717,0.46528698
1900.2852,0.99426344
1901.099,1.3585448
1901.9129,1.2993077
1902.7269,0.69106169
1903.5412,0.30243438
1904.3556,0.56479829
1905.1702,0.88207498
1905.985,-0.016323785
1906.7999,0.59117063
1907.6151,1.2457347
1908.4304,-0.068317886
1909.2458,0.31175801
1910.0615,-0.10815527
1910.8773,0.95429522
1911.6933,0.67558005
1912.5095,0.028248257
1913.3258,1.1848489
1914.1423,1.0787152
1914.959,0.47847467
1915.7759,0.6390293
1916.5929,0.97998691
1917.4102,0.22291613
1918.2275,-1.059634
1919.0451,0.002924678
1919.8628,-0.64430972
1920.6808,0.26925102
1921.4988,0.73576376
1922.3171,-0.86830091
1923.1355,-0.040982214
1923.9541,0.05693554
1924.7729,-0.77846922
1925.5919,-0.76680433
1926.411,-0.81787371
1927.2303,-0.029716593
1928.0498,-0.14350943
1928.8694,-0.014154198
1929.6893,-0.57498422
1930.5093,-0.18678381
1931.3294,0.16221174
1932.1498,-0.81427209
1932.9703,-0.71623529
1933.791,0.42963932
1934.6119,0.35199301
1935.4329,0.39200224
1936.2542,-0.17974474
1937.0756,0.11126187
1937.8971,0.90423775
1938.7189,1.0227123
1939.5408,-0.019588958
1940.3629,0.38909866
1941.1851,-0.22965622
1942.0076,0.014342492
1942.8302,0.62697714
1943.653,-0.55645815
1944.476,-0.49282614
1945.2991,-0.38212681
1946.1224,0.15995356
1946.9459,0.19223849
1947.7695,0.28727701
1948.5934,0.49997108
1949.4174,-0.76183617
1950.2416,0.2351886
1951.0659,0.29888852
1951.8905,-0.36681483
1952.7152,0.34788246
1953.54,-0.11388235
1954.3651,0.050523458
1955.1903,-1.1654547
1956.0157,-0.78926772
1956.8413,0.73986862
1957.667,0.73175827
1958.493,0.62169536
1959.3191,0.75477792
1960.1453,0.73884908
1960.9718,-0.006483299
1961.7984,-1.0498467
1962.6252,0.016602074
1963.4522,-0.085568406
1964.2793,-0.89361302
1965.1066,0.40031136
1965.9341,0.13345965
1966.7618,0.45485144
1967.5896,1.0115456
1968.4176,1.5839342
1969.2458,3.0818212
1970.0742,4.7130498
1970.9027,4.1246788
1971.7314,4.2500414
1972.5603,4.8381574
1973.3894,4.8615757
1974.2186,3.1987277
1975.048,2.9476527
1975.8776,3.0887427
1976.7074,2.6102331
1977.5373,1.5905552
1978.3674,1.7238267
1979.1977,1.1276947
1980.0281,0.21784541
1980.8588,1.2687886
1981.6896,0.97072048
1982.5205,1.6608958
1983.3517,1.1589225
1984.183,1.0648006
1985.0145,1.9197065
1985.8462,1.1746206
1986.678,0.58640563
1987.51,1.2766303
1988.3422,1.4962749
1989.1746,1.3943591
1990.0072,0.28068686
1990.8399,0.45329731
1991.6728,0.68081794
1992.5058,1.2456017
1993.3391,0.90058973
1994.1725,0.88499775
1995.0061,1.3321591
1995.8398,1.3165835
1996.6738,0.65003582
1997.5079,0.85408455
1998.3422,0.54833758
1999.1766,0.75240274
2000.0113,0.60353494
2000.8461,-0.32179523
2001.6811,-0.23535248
2002.5162,-0.18811719
2003.3515,-0.80754036
2004.187,-0.15636708
2005.0227,0.26736344
2005.8586,0.095023738
2006.6946,-0.51652343
2007.5308,-0.6888467
2008.3672,0.51923041
2009.2037,1.1547667
2010.0404,0.7942328
2010.8773,0.81802083
2011.7144,0.71632688
2012.5517,0.53620978
2013.3891,1.0149244
2014.2267,0.97600021
2015.0644,0.27826069
2015.9024,0.043274491
2016.7405,-0.019154477
2017.5788,-0.40314386
2018.4173,0.005031843
2019.2559,0.35047066
2020.0947,0.20180005
2020.9337,-0.68411725
2021.7729,-1.1072812
2022.6122,-1.2088684
2023.4517,-1.1378983
2024.2914,-0.3139788
2025.1313,0.29034106
2025.9713,0.32212012
2026.8115,0.69116229
2027.6519,-0.08488536
2028.4924,-0.28837577
2029.3332,0.48853418
2030.1741,0.92819746
2031.0152,0.70120228
2031.8564,1.1330388
2032.6978,1.6354719
2033.5394,1.3614425
2034.3812,2.1070292
2035.2232,3.7388987
2036.0653,4.8452861
2036.9076,5.7634465
2037.7501,5.3953406
2038.5927,4.9331252
2039.4355,5.0826828
2040.2785,5.028327
2041.1217,3.577901
2041.965,2.4804244
2042.8085,1.6888384
2043.6522,2.2776527
2044.4961,2.795887
2045.3401,3.5258943
2046.1844,3.4323803
2047.0287,2.9859334
2047.8733,2.672828
2048.718,2.4852211
2049.5629,2.8544851
2050.408,2.7139534
2051.2533,2.5577436
2052.0987,2.8093852
2052.9443,2.943388
2053.7901,2.9911244
2054.6361,1.5800456
2055.4822,1.4160337
2056.3285,2.2088929
2057.175,2.131172
2058.0216,2.0220868
2058.8685,1.5522255
2059.7155,0.88629399
2060.5626,0.58899814
2061.41,1.2093576
2062.2575,1.8532546
2063.1052,1.2657873
2063.9531,0.99205375
2064.8011,0.34970094
2065.6493,0.20147399
2066.4977,0.092470947
2067.3463,-0.39299447
2068.195,0.32939146
2069.044,0.64394248
2069.8931,0.51928602
2070.7423,0.692677
2071.5918,1.8464683
2072.4414,2.6316405
2073.2912,1.3227031
2074.1411,1.5274995
2074.9913,1.6538728
2075.8416,1.7253522
2076.6921,1.1615458
2077.5427,1.0604927
2078.3935,0.69278118
2079.2446,0.48978373
2080.0957,0.63189253
2080.9471,0.8053821
2081.7986,1.3553505
2082.6503,0.54846432
2083.5022,0.54942951
2084.3543,0.40138332
2085.2065,0.73961985
2086.0589,-0.075076582
2086.9115,-0.34858833
2087.7642,0.26418266
2088.6171,0.65735401
2089.4702,-0.071035044
2090.3235,-0.17980804
2091.1769,0.04868208
2092.0306,0.64580787
2092.8844,0.074314421
2093.7383,-0.12070022
2094.5925,0.17056786
2095.4468,1.0657657
2096.3013,0.61979534
2097.1559,0.64442141
2098.0108,-0.26427765
2098.8658,0.39565897
2099.721,0.5928587
2100.5763,0.25673331
2101.4319,0.72061615
2102.2876,1.004115
2103.1435,0.46409273
2103.9995,0.11231393
2104.8558,0.95270022
2105.7122,0.86760452
2106.5688,0.11585037
2107.4255,0.022927971
2108.2824,0.15746476
2109.1395,0.072401932
2109.9968,0.55989634
2110.8543,0.77288915
2111.7119,0.37412548
2112.5697,0.48517394
2113.4277,0.55701493
2114.2858,0.02494257
2115.1441,0.88111372
2116.0026,1.3765088
2116.8613,2.0444611
2117.7202,0.7830098
2118.5792,0.8784295
2119.4384,1.2091515
2120.2977,0.19086218
2121.1573,0.30983594
2122.017,-0.065299734
2122.8769,0.12427869
2123.737,0.37661043
2124.5972,0.98973471
2125.4576,0.4891417
2126.3182,0.46698829
2127.179,-0.36300005
2128.0399,-0.47925468
2128.901,0.024106754
2129.7623,-0.22546478
2130.6238,-0.059341816
2131.4854,0.28718152
2132.3472,0.59449738
2133.2092,0.36064499
2134.0713,0.12680081
2134.9337,-0.49134887
2135.7962,0.027764559
2136.6588,0.45276856
2137.5217,-0.2124153
2138.3847,0.44789925
2139.2479,-0.28785641
2140.1113,-0.66281955
2140.9748,0.028892201
2141.8386,-0.76958391
2142.7025,0.87900701
2143.5665,0.48054733
2144.4308,-0.53751198
2145.2952,-0.49673954
2146.1598,-0.18929222
2147.0246,0.34561429
2147.8895,0.26092118
2148.7546,0.16839315
2149.6199,0.60920666
2150.4854,1.1284598
2151.351,0.61242697
2152.2168,-0.26438192
2153.0828,-0.11373162
2153.949,-0.48072016
2154.8153,-0.18887695
2155.6818,0.001013682
2156.5485,-0.78947962
2157.4154,-1.0780039
2158.2824,-0.29985335
2159.1496,-0.59620436
2160.017,-0.061174601
2160.8845,1.3522947
2161.7523,0.020674265
2162.6202,-0.89525172
2163.4882,-0.32881655
2164.3565,0.34743075
2165.2249,0.066823529
2166.0935,-0.43006731
2166.9623,-0.2681273
2167.8312,-1.3375525
2168.7004,-0.10893126
2169.5697,0.26479538
2170.4391,-0.3340197
2171.3088,0.03187841
2172.1786,1.4252348
2173.0486,0.59114754
2173.9188,0.23549895
2174.7891,0.94652433
2175.6596,1.085008
2176.5303,0.27447938
2177.4012,0.65611492
2178.2722,0.16716954
2179.1434,0.28999617
2180.0148,0.86773206
2180.8864,-0.2957012
2181.7581,-0.008146761
2182.63,0.44412087
2183.5021,0.55129776
2184.3744,-0.57289058
2185.2468,-0.21471868
2186.1194,0.31600956
2186.9922,-0.38462745
2187.8651,-0.99142471
2188.7383,-0.813901
2189.6116,-0.063821017
2190.4851,0.40391328
2191.3587,-0.36756086
2192.2325,-0.59000815
2193.1065,-0.3340168
2193.9807,0.19649159
2194.8551,0.30347783
2195.7296,-0.2248228
2196.6043,0.18806029
2197.4791,0.18526436
2198.3542,-0.28811255
2199.2294,-0.23599202
2200.1048,0.51417498
2200.9804,0.57415315
2201.8561,0.39884446
2202.732,0.18432733
2203.6081,-0.022339414
2204.4844,-0.017234198
2205.3608,-0.035651142
2206.2374,-0.39915887
2207.1142,0.29616417
2207.9912,0.081690552
2208.8683,-0.53277582
2209.7456,-0.39429376
2210.6231,-0.33423583
2211.5008,0.65916269
2212.3786,0.2486469
2213.2566,-0.18539106
2214.1348,-0.8782453
2215.0131,-0.5436413
2215.8917,0.057636613
2216.7704,0.078529621
2217.6493,0.16217498
2218.5283,0.51249425
2219.4075,0.58831098
2220.2869,0.58570358
2221.1665,-0.71885735
2222.0463,-1.0194895
2222.9262,-0.88874178
2223.8063,-0.84426135
2224.6865,-0.078205038
2225.567,-0.31606305
2226.4476,0.6460862
2227.3284,0.48667406
2228.2094,-0.049201409
2229.0905,0.42669508
2229.9718,0.23593215
2230.8533,-0.080313725
2231.735,-0.54410288
2232.6168,0.011721799
2233.4988,1.0695133
2234.381,0.77829109
2235.2634,0.055702378
2236.1459,0.070374554
2237.0286,-0.009064924
2237.9115,-0.13555723
2238.7946,-0.018906297
2239.6778,-0.027739564
2240.5612,0.11245277
2241.4448,-0.24146655
2242.3285,-0.23459557
2243.2125,0.36835984
2244.0966,0.100733
2244.9808,0.2644847
2245.8653,0.96157573
2246.7499,1.0076924
2247.6347,0.74008949
2248.5197,0.16661026
2249.4048,0.63627428
2250.2902,0.23535605
2251.1757,0.71287519
2252.0613,1.2060866
2252.9472,0.62479419
2253.8332,0.67095875
2254.7194,1.0622273
2255.6058,0.057423503
2256.4923,0.017331533
2257.379,0.52626516
2258.2659,-0.53342266
2259.153,-0.58918293
2260.0402,-0.38611368
2260.9276,0.075785095
2261.8152,0.42788594
2262.703,0.39567905
2263.5909,0.55955659
2264.479,-0.1628344
2265.3673,-0.14796449
2266.2558,0.47867612
2267.1444,0.41512664
2268.0332,-0.18959331
2268.9222,-0.009993551
2269.8113,-0.1676427
2270.7007,0.57667493
2271.5902,0.058253448
2272.4798,0.48885757
2273.3697,-0.013865652
2274.2597,0.040279864
2275.1499,0.094431373
2276.0403,-0.17083343
2276.9308,-0.11452474
2277.8216,0.14571041
2278.7125,0.39026415
2279.6035,-0.063216438
2280.4948,-0.64218235
2281.3862,-0.64859436
2282.2778,-0.49029561
2283.1695,-0.38689395
2284.0615,0.22631651
2284.9536,0.008159303
2285.8459,-0.15509107
2286.7384,-0.41245421
2287.631,0.15371694
2288.5238,0.24930473
2289.4168,0.44685818
2290.31,-0.092838389
2291.2033,0.12825423
2292.0968,0.17680271
2292.9905,-0.041310605
2293.8843,0.31312998
2294.7784,0.15777152
2295.6726,0.66124147
2296.567,-0.25489155
2297.4615,-0.70827459
2298.3562,-0.28322139
2299.2511,-0.40718291
2300.1462,-0.21741406
2301.0415,-0.36489524
2301.9369,0.49939316
2302.8325,0.3440786
2303.7283,-0.56417226
2304.6242,-0.084182954
2305.5203,0.097772018
2306.4166,0.33463383
2307.3131,0.10091228
2308.2098,-0.023000468
2309.1066,0.71583676
2310.0036,0.70173769
2310.9007,0.18568271
2311.7981,0.31276986
2312.6956,0.14966581
2313.5933,-0.076178456
2314.4911,-0.13731196
2315.3892,0.11528489
2316.2874,0.20318075
2317.1858,-0.02264401
2318.0843,0.5280067
2318.9831,0.4512113
2319.882,-0.3157753
2320.7811,0.36822338
2321.6803,0.24438379
2322.5798,0.15192163
2323.4794,0.3653467
2324.3791,0.484659
2325.2791,0.43927029
2326.1792,0.30761196
2327.0795,-0.67894346
2327.98,0.21685893
2328.8807,0.35972503
2329.7815,0.23592934
2330.6825,1.0219425
2331.5837,0.55305848
2332.485,0.54692448
2333.3865,0.58001104
2334.2882,1.3189848
2335.1901,1.2893361
2336.0921,0.66361373
2336.9944,0.79868059
2337.8967,1.0357131
2338.7993,0.75510345
2339.7021,0.70979278
2340.605,1.1037027
2341.5081,1.9995782
2342.4113,2.2523214
2343.3148,1.5011479
2344.2184,1.0950773
2345.1222,1.4890116
2346.0261,1.5378527
2346.9303,0.78669873
2347.8346,0.76496137
2348.739,0.8922485
2349.6437,0.47836403
2350.5485,0.62919033
2351.4535,0.89766856
2352.3587,0.84458304
2353.2641,0.94052201
2354.1696,0.63646585
2355.0753,0.67751261
2355.9812,0.051897582
2356.8872,0.29687567
2357.7935,0.47127039
2358.6999,-0.020996671
2359.6064,-0.19953337
2360.5132,0.72781717
2361.4201,1.1924275
2362.3272,0.74723875
2363.2345,-0.058729413
2364.1419,-0.017633878
2365.0495,0.20385869
2365.9573,1.4528071
2366.8653,0.99979964
2367.7734,-0.21398728
2368.6817,0.50948559
2369.5902,0.79374764
2370.4989,0.98389692
2371.4077,0.54660011
2372.3167,0.14068071
2373.2259,0.25241326
2374.1353,0.32493499
2375.0448,0.20138318
2375.9545,0.22685584
2376.8644,0.071941231
2377.7745,-0.25551752
2378.6847,-0.096696891
2379.5951,0.42291293
2380.5057,0.11115509
2381.4164,-0.26334298
2382.3274,0.27981088
2383.2385,0.12493041
2384.1498,0.009270508
2385.0612,0.51322332
2385.9728,-0.080858203
2386.8846,0.078006327
2387.7966,0.19766005
2388.7087,0.089867666
2389.6211,-0.22968454
2390.5336,-0.18060443
2391.4462,-0.17857826
2392.3591,-0.52164525
2393.2721,-0.35490344
2394.1853,0.99615698
2395.0987,0.61388893
2396.0122,0.29437086
2396.9259,-0.39376978
2397.8398,0.016133672
2398.7539,0.48094396
2399.6681,-0.2385546
2400.5825,-0.40118553
2401.4971,-0.3128312
2402.4119,0.26180252
2403.3268,0.74232347
2404.2419,0.32088852
2405.1572,-0.077012152
2406.0726,0.27803324
2406.9883,0.052691343
2407.9041,-0.35303783
2408.8201,-0.68033075
2409.7362,0.2551263
2410.6525,0.17882353
2411.569,0.36905449
2412.4857,0.39458442
2413.4026,0.051491752
2414.3196,-0.22100783
2415.2368,0.51041901
2416.1542,0.47322324
2417.0717,0.020346057
2417.9894,-0.22860471
2418.9073,-0.39911925
2419.8254,-0.35786424
2420.7436,-0.35582006
2421.6621,-0.29102593
2422.5807,-0.20269754
2423.4994,-0.57710939
2424.4184,-0.30837914
2425.3375,0.093689296
2426.2568,0.7310567
2427.1762,0.14489955
2428.0959,0.56266881
2429.0157,0.58044293
2429.9357,0.55116307
2430.8558,-0.395759
2431.7762,0.16320614
2432.6967,0.14178398
2433.6173,0.47330784
2434.5382,0.71071891
2435.4592,-0.07147302
2436.3804,-0.55562088
2437.3018,-0.004469769
2438.2234,0.13099992
2439.1451,-0.1884275
2440.067,0.69214992
2440.9891,0.67077142
2441.9113,0.81410365
2442.8338,0.016264258
2443.7564,-0.20117812
2444.6791,0.19314905
2445.6021,0.66591245
2446.5252,0.2759356
2447.4485,0.23106164
2448.372,0.14697685
2449.2956,0.69819103
2450.2194,0.95137084
2451.1434,0.52220256
2452.0676,-0.071666749
2452.9919,0.00113546
2453.9164,-0.075077088
2454.8411,-0.3238338
2455.766,-0.41572292
2456.691,-0.037018958
2457.6162,-0.31713367
2458.5416,-0.009008235
2459.4672,-0.31264266
2460.3929,-0.035880069
2461.3188,-0.30813224
2462.2449,0.3372675
2463.1712,0.072868173
2464.0976,0.70259134
2465.0242,0.046044852
2465.951,0.14244439
2466.8779,-0.23958259
2467.8051,0.021532529
2468.7324,0.24343682
2469.6598,0.33201262
2470.5875,0.34216191
2471.5153,-0.2045467
2472.4433,0.23698483
2473.3715,0.035383965
2474.2998,0.62594481
2475.2284,0.97337325
2476.157,0.87374772
2477.0859,0.60157803
2478.015,-0.094116233
2478.9442,-0.13098211
2479.8736,0.32627451
2480.8031,-0.24403539
2481.7329,-1.0339483
2482.6628,-0.52189562
2483.5929,-0.001994955
2484.5231,-0.73699143
2485.4536,-0.89159091
2486.3842,-1.0775581
2487.315,-0.047834219
2488.2459,0.064247449
2489.1771,-0.4432739
2490.1084,0.74332723
2491.0399,0.024050835
2491.9715,-0.42855407
2492.9033,-0.10468355
2493.8354,0.11723101
2494.7675,0.48032687
2495.6999,0.16891776
2496.6324,1.0496703
2497.5651,0.36964343
2498.498,-0.53782963
2499.431,-0.010003748
2500.3643,0.070768144
2501.2977,0.002525256
2502.2312,-0.21473241
2503.165,0.077818672
2504.0989,0.61351184
2505.033,0.72568042
2505.9673,0.11628521
2506.9017,-0.90094832
2507.8363,0.1680975
2508.7711,0.20969716
2509.7061,-0.007521875
2510.6412,-0.24042236
2511.5765,-0.21449448
2512.512,0.55653626
2513.4477,0.26090516
2514.3835,0.13782792
2515.3195,0.030441773
2516.2557,0.41717811
2517.1921,0.40391927
2518.1286,0.15537114
2519.0653,-0.21081922
2520.0022,-0.74955377
2520.9393,-0.33142075
2521.8765,0.65926613
2522.8139,0.55191861
2523.7515,0.57006612
2524.6892,0.039198854
2525.6272,0.58284622
2526.5653,0.20885135
2527.5035,0.038782883
2528.442,0.83342513
2529.3806,0.32611141
2530.3194,0.33644959
2531.2584,0.017380824
2532.1975,-0.31736938
2533.1369,-0.44819319
2534.0763,0.056281941
2535.016,-0.14512045
2535.9559,0.17897219
2536.8959,-0.17928329
2537.8361,0.41148567
2538.7764,0.32774966
2539.717,0.12637141
2540.6577,0.05833133
2541.5986,-0.04891961
2542.5396,0.79285389
2543.4809,0.65424005
2544.4223,0.31170948
2545.3639,0.18094844
2546.3056,-0.64000384
2547.2476,0.037087914
2548.1897,0.25928254
2549.132,-0.31851801
2550.0744,0.19388235
2551.017,-0.8064523
2551.9598,-0.5048226
2552.9028,-0.29730699
2553.846,-0.27017998
2554.7893,0.1569506
2555.7328,-0.56885644
2556.6765,-0.35348345
2557.6203,0.48934408
2558.5644,0.24982224
2559.5086,0.010303953
2560.4529,-0.66842646
2561.3975,0.095983952
2562.3422,0.2251038
2563.2871,-0.11636102
2564.2322,0.044138505
2565.1774,-0.28163292
2566.1228,0.53769726
2567.0684,0.35310943
2568.0142,-0.051082688
2568.9601,-0.016055553
2569.9062,-0.29475035
2570.8525,-0.071480794
2571.799,0.26159624
2572.7456,-0.17395061
2573.6924,-0.1232194
2574.6394,0.32751538
2575.5866,0.84099882
2576.5339,0.044681898
2577.4814,0.12679991
2578.4291,-0.17539224
2579.377,-0.35209064
2580.325,-0.018981548
2581.2732,0.11020953
2582.2216,-0.15275269
2583.1701,0.36075924
2584.1188,0.56054924
2585.0677,-0.40828464
2586.0168,0.40327719
2586.9661,0.37562689
2587.9155,0.77935271
2588.8651,0.93994483
2589.8149,-0.4602438
2590.7648,0.053296622
2591.7149,0.22174257
2592.6652,0.87646658
2593.6157,1.4292334
2594.5663,1.6290626
2595.5172,1.6485031
2596.4681,1.42481
2597.4193,2.0481793
2598.3707,1.636258
2599.3222,1.6321834
2600.2739,1.5888967
2601.2257,1.3338489
2602.1778,1.0788046
2603.13,1.1296462
2604.0823,1.0236286
2605.0349,0.82349699
2605.9876,0.85866303
2606.9405,0.64285223
2607.8936,-0.059229515
2608.8469,-0.24366064
2609.8003,0.042500031
2610.7539,-0.18113966
2611.7077,-0.20869735
2612.6617,-0.39311423
2613.6158,-0.43635108
2614.5701,-0.31487848
2615.5246,-0.25614742
2616.4792,-0.00917751
2617.434,-0.1543609
2618.389,0.49261614
2619.3442,0.66900851
2620.2995,0.47677698
2621.2551,0.041411765
2622.2108,0.001711783
2623.1666,0.009073395
2624.1227,0.13408484
2625.0789,-0.28992056
2626.0353,-0.12568789
2626.9918,0.42286128
2627.9486,0.14004066
2628.9055,-0.34669875
2629.8626,0.17832932
2630.8198,0.01316408
2631.7773,-0.20690035
2632.7349,-0.034805149
2633.6927,-0.35682482
2634.6506,-0.36511624
2635.6088,-0.37340488
2636.5671,0.24576023
2637.5256,0.28453595
2638.4842,-0.41394045
2639.443,-0.1241788
2640.402,-0.25010065
2641.3612,-0.70543149
2642.3206,0.32159338
2643.2801,-0.06314368
2644.2398,-0.18121131
2645.1997,0.26542972
2646.1597,0.70423038
2647.12,0.37440636
2648.0804,0.15438903
2649.0409,0.62457055
2650.0017,0.49083328
2650.9626,0.035530142
2651.9237,-0.14526042
2652.885,0.11316748
2653.8464,-0.059774398
2654.808,-0.20134096
2655.7698,-0.28015965
2656.7318,0.3076911
2657.6939,-0.42210245
2658.6562,-0.15581478
2659.6187,0.40851486
2660.5814,0.10225904
2661.5442,0.62737855
2662.5072,0.054461603
2663.4704,0.25801802
2664.4338,0.76745956
2665.3973,-0.22113535
2666.361,-0.22933532
2667.3249,-0.30812077
2668.2889,0.27192009
2669.2532,0.13823823
2670.2176,-0.98367615
2671.1822,-0.31735247
2672.1469,-0.57651622
2673.1118,0.9525581
2674.0769,0.71692931
2675.0422,0.39502878
2676.0077,0.073131019
2676.9733,-0.2330777
2677.9391,0.009735968
2678.905,0.41725829
2679.8712,0.4718422
2680.8375,0.51858574
2681.804,-0.20329539
2682.7707,-0.14870317
2683.7375,0.10197026
2684.7045,-0.2277457
2685.6717,0.22685483
2686.6391,-0.11854186
2687.6066,-0.4247201
2688.5743,0.34361424
2689.5422,0.33548076
2690.5103,0.084212798
2691.4785,-0.24548377
2692.4469,0.075802831
2693.4155,0.49905298
2694.3843,0.42818826
2695.3532,0.27889494
2696.3223,0.49823183
2697.2916,0.62345385
2698.2611,1.3604434
2699.2307,1.7444944
2700.2005,1.767764
2701.1705,1.885154
2702.1406,2.6535271
2703.111,4.2140598
2704.0815,6.4647915
2705.0521,6.8253298
2706.023,7.2564591
2706.994,8.2052382
2707.9652,7.8834319
2708.9366,6.228295
2709.9081,6.2437491
2710.8798,6.314108
2711.8517,6.2589794
2712.8238,5.4744418
2713.796,5.0114757
2714.7685,3.1916495
2715.741,2.7679046
2716.7138,2.4069075
2717.6867,2.492972
2718.6599,2.273157
2719.6331,1.1121682
2720.6066,2.1237312
2721.5802,2.1235323
2722.5541,2.5468656
2723.528,1.9819663
2724.5022,1.4562856
2725.4765,1.471784
2726.451,1.871599
2727.4257,2.1694559
2728.4006,2.1222176
2729.3756,1.902433
2730.3508,2.2316708
2731.3262,1.8314996
2732.3017,1.8313311
2733.2775,1.7762635
2734.2534,2.1839438
2735.2294,1.2347641
2736.2057,1.0149989
2737.1821,1.8226874
2738.1587,1.3990062
2739.1355,0.62238659
2740.1124,0.77125994
2741.0895,0.29268508
2742.0668,1.1003875
2743.0443,0.19044562
2744.0219,0.86482025
2744.9998,0.7940996
2745.9778,0.18220526
2746.9559,0.22913722
2747.9343,0.064307241
2748.9128,0.58967611
2749.8915,0.4091654
2750.8703,0.22081432
2751.8494,0.38540719
2752.8286,0.62059107
2753.808,0.9577385
2754.7875,0.32233968
2755.7672,0.27517893
2756.7472,0.77704056
2757.7272,1.0357677
2758.7075,1.5690074
2759.6879,1.3885244
2760.6685,0.9805932
2761.6493,0.77658633
2762.6302,0.47846458
2763.6114,0.76858089
2764.5927,0.47046468
2765.5741,0.45470419
2766.5558,0.47816215
2767.5376,0.85456406
2768.5196,1.2074393
2769.5018,0.82306246
2770.4841,0.070060917
2771.4667,0.022944496
2772.4493,0.17975242
2773.4322,0.68950428
2774.4153,0.94827853
2775.3985,0.15607515
2776.3819,0.57956082
2777.3654,1.0030493
2778.3492,0.52457968
2779.3331,0.25787759
2780.3172,0.25000179
2781.3014,0.39114837
2782.2859,0.78327812
2783.2705,0.71266553
2784.2553,0.31264396
2785.2402,0.4067428
2786.2254,0.73613853
2787.2107,0.62632134
2788.1961,0.24199712
2789.1818,0.46944038
2790.1676,0.23414131
2791.1536,0.36747246
2792.1398,0.43021815
2793.1262,0.29688817
2794.1127,0.79885509
2795.0994,0.5478836
2796.0863,0.37534625
2797.0733,0.56359599
2798.0605,0.14008379
2799.0479,0.50088809
2800.0355,1.0028716
2801.0232,1.1127011
2802.0112,0.16370977
2802.9993,0.085309461
2803.9875,0.12455899
2804.976,0.25792893
2805.9646,0.17953694
2806.9534,0.52467713
2807.9423,0.28942793
2808.9315,0.47771092
2809.9208,-0.2751798
2810.9103,-0.16532264
2811.8999,-0.22801173
2812.8898,0.093615669
2813.8798,0.57995173
2814.87,0.32119251
2815.8603,0.17223999
2816.8509,-0.21984701
2817.8416,0.046892285
2818.8324,0.30579121
2819.8235,0.34508507
2820.8147,0.65104837
2821.8061,0.50995561
2822.7977,0.015924445
2823.7895,0.65915095
2824.7814,0.74551749
2825.7735,0.84757307
2826.7658,0.49472946
2827.7582,0.3693396
2828.7508,0.4321878
2829.7436,0.68327408
2830.7366,0.91867684
2831.7297,0.61290591
2832.7231,0.51105932
2833.7166,0.94254883
2834.7102,1.1465901
2835.7041,0.59769302
2836.6981,1.3115438
2837.6923,1.6253973
2838.6866,1.390234
2839.6812,1.9080147
2840.6759,2.4336412
2841.6708,1.8769176
2842.6658,1.7201968
2843.6611,1.5713218
2844.6565,1.7361751
2845.6521,1.3912273
2846.6478,0.85020382
2847.6437,1.3993792
2848.6399,1.5564005
2849.6361,1.2977382
2850.6326,0.89005914
2851.6292,0.39610833
2852.626,0.56098382
2853.623,0.84350914
2854.6202,0.84368429
2855.6175,0.77327397
2856.615,0.60090564
2857.6127,0.95403028
2858.6105,0.86009886
2859.6085,0.17009179
2860.6067,0.22518552
2861.6051,0.33518398
2862.6036,-0.1273638
2863.6024,0.1708755
2864.6012,0.87696071
2865.6003,0.045793787
2866.5996,-0.1814488
2867.599,-0.22829645
2868.5986,-0.25161193
2869.5983,-0.51806188
2870.5983,-0.031567892
2871.5984,0.1882622
2872.5987,-0.26641474
2873.5991,0.039695409
2874.5998,0.15757303
2875.6006,0.31466911
2876.6016,0.66784639
2877.6027,0.95828135
2878.604,0.095777894
2879.6055,0.11955172
2880.6072,0.90411264
2881.6091,0.14357828
2882.6111,0.47324278
2883.6133,0.23820416
2884.6157,0.53650165
2885.6182,0.45048818
2886.621,0.46643826
2887.6239,0.79611661
2888.6269,0.34148401
2889.6302,0.31822672
2890.6336,0.23222711
2891.6372,0.052112615
2892.641,0.67984403
2893.6449,0.28797038
2894.649,0.005903416
2895.6533,0.35913334
2896.6578,-0.26018298
2897.6624,0.045993663
2898.6673,0.3992319
2899.6723,0.077963107
2900.6774,-0.133499
2901.6828,-0.21162499
2902.6883,0.000447857
2903.694,0.063503871
2904.6998,-0.10873146
2905.7058,0.53472225
2906.7121,-0.053193816
2907.7184,-0.41365613
2908.725,-0.005488224
2909.7317,0.2222903
2910.7386,0.61477747
2911.7457,0.87393408
2912.753,0.20760327
2913.7604,-0.27048948
2914.768,0.043577404
2915.7758,0.24
2916.7837,0.066579474
2917.7919,-0.083309081
2918.8002,0.017785317
2919.8086,-0.20268635
2920.8173,-0.20354762
2921.8261,-0.086759265
2922.8351,0.15552184
2923.8443,-0.3002337
2924.8536,-0.42657492
2925.8631,-0.65487437
2926.8728,-0.46748498
2927.8827,0.14343638
2928.8927,0.39357599
2929.9029,-0.44647792
2930.9133,-0.44731358
2931.9239,0.077343508
2932.9346,-0.62152625
2933.9455,0.091371256
2934.9566,-0.55259142
2935.9679,0.08972297
2936.9793,0.98302031
2937.9909,0.033182964
2939.0027,-0.038220453
2940.0147,0.34528065
2941.0268,0.39937255
2942.0391,-0.5366946
2943.0516,-0.55511247
2944.0643,0.11666797
2945.0771,0.19237221
2946.0901,0.095529659
2947.1033,-0.14248714
2948.1166,-0.26285464
2949.1301,0.23638792
2950.1438,0.10818174
2951.1577,0.39566406
2952.1718,0.36942311
2953.186,-0.47250188
2954.2004,-0.34971876
2955.2149,0.33777247
2956.2297,0.44487378
2957.2446,-0.37351288
2958.2597,0.015945818
2959.275,0.248544
2960.2904,0.25369344
2961.306,0.09413922
2962.3218,0.02086174
2963.3378,0.13582178
2964.3539,0.4703919
2965.3702,0.028493652
2966.3867,0.17483293
2967.4034,-0.34549223
2968.4202,-0.04228575
2969.4372,0.50406021
2970.4544,0.046486838
2971.4718,-0.097358819
2972.4893,0.19801344
2973.507,-0.016415996
2974.5249,-0.11319614
2975.5429,-0.52369955
2976.5612,-0.087141908
2977.5796,-0.36430753
2978.5981,-0.29637288
2979.6169,-0.35392619
2980.6358,-0.16049689
2981.6549,0.22116994
2982.6742,-0.47167081
2983.6936,-0.28607796
2984.7133,-0.4220515
2985.7331,-0.016846351
2986.753,0.090321815
2987.7732,0.22102162
2988.7935,0.1713315
2989.814,-0.13717992
2990.8346,0.048428533
2991.8555,0.10854902
2992.8765,0.005018485
2993.8977,-0.38870706
2994.9191,-0.13929428
2995.9406,0.48659016
2996.9623,0.30463254
2997.9842,-0.057716176
2999.0062,-0.004377545
3000.0285,0.13523667
3001.0509,0.28269509
3002.0735,-0.17376699
3003.0962,0.169772
3004.1192,-0.16119774
3005.1423,0.017637504
3006.1655,0.33765029
3007.189,0.27335043
3008.2126,0.23258105
3009.2364,0.29377352
3010.2604,0.28437882
3011.2846,0.48674991
3012.3089,0.46167108
3013.3334,-0.057524326
3014.3581,0.12916369
3015.3829,-0.029245257
3016.4079,0.32999392
3017.4331,0.50099888
3018.4585,0.25631863
3019.484,-0.18443898
3020.5098,-0.1153916
3021.5356,-0.21104903
3022.5617,-0.35376422
3023.588,-0.49647833
3024.6144,-0.25487765
3025.641,-0.17013864
3026.6677,-0.10892797
3027.6947,0.069930821
3028.7218,-0.21395441
3029.7491,-0.42725034
3030.7765,-0.036623627
3031.8042,-0.24207428
3032.832,-0.33771993
3033.8599,-0.15885472
3034.8881,0.035697843
3035.9164,-0.005042643
3036.9449,0.11892382
3037.9736,0.10171489
3039.0025,0.4374482
3040.0315,-0.16799388
3041.0607,0.19127098
3042.0901,0.18190946
3043.1196,-0.015686275
3044.1494,-0.21333942
3045.1793,0.10665555
3046.2093,0.46586726
3047.2396,-0.092567019
3048.27,-0.17256887
3049.3006,0.17095976
3050.3314,0.11448944
3051.3623,0.37958881
3052.3934,-0.037663699
3053.4247,-0.17256221
3054.4562,-0.056479262
3055.4878,-0.59921879
3056.5196,-0.57725137
3057.5516,-0.37489073
3058.5838,0.12551018
3059.6161,-0.40938197
3060.6486,-0.44231227
3061.6813,-0.10661406
3062.7142,0.26045776
3063.7472,-0.02344975
3064.7804,0.006369289
3065.8138,0.74207174
3066.8474,0.53659878
3067.8811,0.12720532
3068.915,0.53349918
3069.9491,0.19469607
3070.9833,-0.1911648
3072.0178,-0.07506383
3073.0524,0.1665284
3074.0871,-0.007564589
3075.1221,-0.20518593
3076.1572,0.47562517
3077.1925,-0.20826856
3078.228,-0.45294554
3079.2636,0.22786874
3080.2995,0.19495858
3081.3355,0.67969655
3082.3716,0.45855322
3083.408,0.4570188
3084.4445,0.47117171
3085.4812,0.17160019
3086.518,0.5386964
3087.5551,0.21559759
3088.5923,0.1591665
3089.6297,0.73018746
3090.6672,0.50120948
3091.705,0.68791883
3092.7429,0.56874689
3093.781,0.54369366
3094.8192,0.79315129
3095.8577,1.387708
3096.8963,1.480305
3097.9351,1.4081972
3098.974,1.6576591
3100.0132,1.9777103
3101.0525,1.6154096
3102.0919,2.5629138
3103.1316,2.0515956
3104.1714,2.2069452
3105.2114,2.9819036
3106.2516,3.1764709
3107.2919,3.3710393
3108.3325,3.6754127
3109.3732,4.2621401
3110.414,4.3312215
3111.4551,4.4708921
3112.4963,5.4811521
3113.5377,5.4247465
3114.5793,6.2703027
3115.621,6.5040952
3116.6629,6.5025948
3117.705,6.7363894
3118.7473,5.2603813
3119.7897,5.831433
3120.8324,5.2103289
3121.8751,6.314716
3122.9181,6.5720454
3123.9612,5.4019249
3125.0046,5.6121976
3126.048,4.9754126
3127.0917,4.4954913
3128.1355,4.0234142
3129.1795,3.3474167
3130.2237,3.863577
3131.2681,3.6816992
3132.3126,3.476293
3133.3573,3.1140252
3134.4022,2.9243074
3135.4472,2.9385123
3136.4925,2.7409535
3137.5379,3.1786899
3138.5835,2.6046627
3139.6292,2.6580875
3140.6751,2.4213173
3141.7212,2.0198422
3142.7675,1.8771918
3143.8139,1.5619934
3144.8606,1.5213058
3145.9074,1.7159134
3146.9543,1.5967966
3148.0015,1.2423868
3149.0488,1.4683701
3150.0963,1.3963154
3151.1439,1.7399479
3152.1918,1.7306403
3153.2398,1.501726
3154.288,1.0767342
3155.3364,1.2713514
3156.3849,1.9757736
3157.4336,1.3703928
3158.4825,1.439523
3159.5315,1.3674778
3160.5808,1.6248453
3161.6302,1.8116257
3162.6798,1.4650738
3163.7295,1.4636211
3164.7795,1.5092282
3165.8296,1.7822873
3166.8798,1.9298573
3167.9303,2.0303696
3168.9809,1.7857849
3170.0317,1.8862992
3171.0827,1.5162264
3172.1339,1.4049782
3173.1852,1.630986
3174.2367,0.95503399
3175.2883,1.2594752
3176.3402,1.4462705
3177.3922,2.2134589
3178.4444,1.9610406
3179.4968,2.2341135
3180.5493,2.5542464
3181.602,1.9567332
3182.6549,2.3003975
3183.708,2.6048473
3184.7612,2.1171412
3185.8147,2.5862989
3186.8682,2.671144
3187.922,2.1834411
3188.9759,1.9624059
3190.03,1.5609796
3191.0843,1.9987701
3192.1388,1.6287185
3193.1934,0.51356994
3194.2482,0.802344
3195.3032,1.2715113
3196.3584,0.69754235
3197.4137,0.80592742
3198.4692,0.95352925
3199.5249,1.4697596
3200.5807,0.70755961
3201.6368,0.44732148
3202.693,1.0968883
3203.7493,1.1425347
3204.8059,0.54504481
3205.8626,0.59069328
3206.9195,1.6245781
3207.9766,1.5604248
3209.0338,1.2688215
3210.0913,1.8242781
3211.1489,1.5562064
3212.2066,1.3979397
3213.2646,0.72202691
3214.3227,1.5598407
3215.381,1.5192242
3216.4394,0.58449113
3217.4981,1.0850532
3218.5569,1.5307144
3219.6159,1.3253963
3220.675,0.66517721
3221.7344,0.72652786
3222.7939,1.43886
3223.8536,0.55119311
3224.9134,0.62039007
3225.9735,0.45429397
3227.0337,0.25682639
3228.0941,0.42014418
3229.1546,0.73248263
3230.2153,0.62913588
3231.2762,0.65912351
3232.3373,0.80675927
3233.3986,0.90733726
3234.46,0.61575945
3235.5216,0.13594741
3236.5834,0.48750898
3237.6453,1.0743657
3238.7075,0.46906666
3239.7698,0.50690592
3240.8322,0.57611879
3241.8949,0.48846997
3242.9577,0.72239084
3244.0207,0.38376375
3245.0839,0.76670635
3246.1472,0.6633755
3247.2107,0.6855359
3248.2744,0.3155405
3249.3383,0.05535009
3250.4023,0.94025877
3251.4665,0.87614891
3252.5309,0.64733423
3253.5955,0.057736288
3254.6602,-0.22597824
3255.7251,0.19619065
3256.7902,0.18698805
3257.8555,-0.04966447
3258.9209,0.41956642
3259.9865,0.6613474
3261.0523,0.65999217
3262.1182,0.18020664
3263.1844,0.58669668
3264.2507,0.44416817
3265.3172,0.65458189
3266.3838,0.43362413
3267.4506,0.68325566
3268.5176,0.54857453
3269.5848,-0.048850641
3270.6522,0.23215662
3271.7197,0.61512573
3272.7874,0.033390015
3273.8553,-0.022854443
3274.9233,-0.45556843
3275.9915,-0.29220292
3277.0599,0.47508521
3278.1285,0.49727637
3279.1972,-0.006021612
3280.2662,-0.20343618
3281.3352,0.1638562
3282.4045,0.40565944
3283.4739,0.051385308
3284.5436,0.1520142
3285.6133,0.77813435
3286.6833,0.91798104
3287.7534,0.35978959
3288.8238,0.64081488
3289.8942,0.58458632
3290.9649,0.42639805
3292.0357,0.56625005
3293.1067,0.64335801
3294.1779,1.40282
3295.2493,1.0014987
3296.3208,0.55311963
3297.3925,0.76356517
3298.4644,0.51126666
3299.5364,0.99622413
3300.6087,0.83804539
3301.6811,1.0171226
3302.7536,0.47463228
3303.8264,-0.24040601
3304.8993,0.37789008
3305.9724,-0.007734328
3307.0457,0.35174036
3308.1191,0.51513768
3309.1928,0.51383017
3310.2666,0.11252373
3311.3405,-0.13191891
3312.4147,0.59618853
3313.489,0.12429703
3314.5635,0.35044581
3315.6381,0.23149761
3316.713,0.1203936
3317.788,0.032820069
3318.8632,0.14132603
3319.9385,0.6812056
3321.0141,0.15441956
3322.0898,-0.41942424
3323.1657,-0.020717959
3324.2417,0.12700899
3325.318,-0.50957673
3326.3944,-0.3696908
3327.471,-0.36313714
3328.5477,-0.13697458
3329.6246,-0.15394821
3330.7017,0.40947138
3331.779,0.18073516
3332.8565,0.11670588
3333.9341,0.31075505
3335.0119,0.34794241
3336.0899,-0.17173203
3337.168,-0.25218985
3338.2463,-0.02676437
3339.3248,-0.083690895
3340.4035,0.024089402
3341.4824,-0.001462695
3342.5614,-0.45054326
3343.6406,-0.099622892
3344.7199,0.38463175
3345.7995,0.26496577
3346.8792,-0.41156202
3347.9591,-0.099853579
3349.0392,0.094208746
3350.1194,0.068664167
3351.1998,0.16076759
3352.2804,0.26855822
3353.3612,0.19595764
3354.4421,0.18610309
3355.5232,-0.33355443
3356.6045,-0.17085808
3357.686,-0.008160785
3358.7676,-0.15918804
3359.8494,0.050569955
3360.9314,0.65248575
3362.0135,0.77597112
3363.0959,0.47592802
3364.1784,0.15235644
3365.261,0.18172698
3366.3439,0.81502002
3367.4269,1.0953728
3368.5101,-0.06741067
3369.5935,-0.46940892
3370.677,0.1874173
3371.7608,0.58542093
3372.8447,0.25401373
3373.9287,0.55005845
3375.013,0.18728059
3376.0974,-0.00294732
3377.182,0.29310022
3378.2668,0.32248204
3379.3517,0.19500205
3380.4368,0.49105241
3381.5221,0.4890645
3382.6076,1.0753128
3383.6932,0.80666012
3384.779,0.26349855
3385.865,0.52033793
3386.9512,0.11051157
3388.0375,0.19480381
3389.124,0.33399894
3390.2107,0.74770482
3391.2976,0.65160772
3392.3846,0.19472724
3393.4718,0.44373006
3394.5592,0.057439696
3395.6467,0.02409145
3396.7345,0.077018654
3397.8224,0.051515425
3398.9105,-0.22496726
3399.9987,-0.86223331
3401.0871,-0.55047882
3402.1757,-0.58382143
3403.2645,-0.14657486
3404.3535,0.008319707
3405.4426,0.35145051
3406.5319,-0.003456969
3407.6213,0.3161463
3408.711,1.1377113
3409.8008,0.53182624
3410.8908,0.36515782
3411.981,0.68476485
3413.0713,0.83182379
3414.1618,0.13182486
3415.2525,-0.08189863
3416.3434,0.14359451
3417.4344,-0.10149965
3418.5256,0.10046596
3419.617,-0.32501847
3420.7086,-0.93873726
3421.8003,-0.22696492
3422.8922,-0.20538771
3423.9843,-0.27008407
3425.0766,-0.07595596
3426.169,-0.085748481
3427.2616,0.19465602
3428.3544,0.067218316
3429.4474,-0.69551256
3430.5405,0.071169265
3431.6338,-0.079795028
3432.7273,-0.034679949
3433.8209,-0.26407374
3434.9147,0.04770989
3436.0087,0.44576896
3437.1029,-0.73264161
3438.1973,-0.37379634
3439.2918,0.047794962
3440.3865,-0.071789263
3441.4814,0.22431373
3442.5764,-0.095871784
3443.6716,-0.10233158
3444.767,-0.10094802
3445.8626,-0.4681917
3446.9583,-0.027592012
3448.0542,-0.22228623
3449.1503,0.037921742
3450.2466,0.14126718
3451.343,0.44069128
3452.4397,0.51266461
3453.5364,0.11404993
3454.6334,0.76641586
3455.7305,1.2305467
3456.8278,0.91820721
3457.9253,1.7117503
3459.023,1.1327445
3460.1208,1.2204057
3461.2188,2.0061063
3462.317,1.9918071
3463.4154,1.3971159
3464.5139,1.5004642
3465.6126,1.5489108
3466.7115,2.3189262
3467.8105,1.5752163
3468.9098,2.1569969
3470.0092,2.0093659
3471.1087,2.1597744
3472.2085,2.6866536
3473.3084,2.123337
3474.4085,1.9521775
3475.5088,1.4123907
3476.6092,1.8373101
3477.7098,1.6034061
3478.8106,1.7695024
3479.9116,1.770893
3481.0127,2.125225
3482.114,2.5579886
3483.2155,3.6025171
3484.3172,3.6980262
3485.419,2.9386336
3486.5211,2.281202
3487.6232,1.8982804
3488.7256,3.2330061
3489.8281,3.140281
3490.9308,2.3808895
3492.0337,2.2332629
3493.1368,2.7758326
3494.24,2.7536967
3495.3434,2.0962668
3496.447,1.7839352
3497.5508,1.1108195
3498.6547,1.3710374
3499.7588,2.2351771
3500.8631,1.3267679
3501.9675,1.0850257
3503.0722,1.2432836
3504.177,1.0642869
3505.2819,1.144114
3506.3871,1.2474706
3507.4924,1.2802393
3508.5979,1.5875179
3509.7036,1.4163655
3510.8094,1.1118799
3511.9154,1.2230808
3513.0216,0.94996816
3514.128,1.0297969
3515.2345,0.89786125
3516.3412,0.92278852
3517.4481,1.002618
3518.5552,0.76872216
3519.6624,1.0132579
3520.7699,1.4538724
3521.8774,0.77291838
3522.9852,0.75863128
3524.0931,1.6698346
3525.2012,0.65162638
3526.3095,0.44910465
3527.418,0.26226941
3528.5266,-0.18338913
3529.6354,0.64938392
3530.7444,0.32921601
3531.8536,0.44042087
3532.9629,0.55162595
3534.0724,0.2314587
3535.1821,0.31913481
3536.2919,0.31269349
3537.4019,0.21997789
3538.5121,-0.076659071
3539.6225,-0.043884043
3540.7331,-0.21503036
3541.8438,-0.44107842
3542.9547,-0.12594979
3544.0658,-0.21866408
3545.177,0.041563027
3546.2884,0.30963349
3547.4,-0.010531115
3548.5118,-0.10324452
3549.6237,0.17266974
3550.7358,0.18191756
3551.8481,0.50489108
3552.9606,0.31806091
3554.0732,0.052799583
3555.186,0.20322475
3556.299,0.24384622
3557.4122,0.54329143
3558.5255,0.011364317
3559.639,-0.034288067
3560.7527,0.42202055
3561.8666,0.2900941
3562.9806,0.18954042
3564.0948,0.70075166
3565.2092,0.42764939
3566.3238,0.81337088
3567.4385,0.70497494
3568.5534,0.72991255
3569.6685,1.4450465
3570.7837,1.1954747
3571.8991,1.1890404
3573.0147,1.276724
3574.1305,1.9369568
3575.2465,1.6716997
3576.3626,1.4142859
3577.4789,2.3019704
3578.5954,2.0916159
3579.712,2.3832223
3580.8288,2.4709075
3581.9458,2.4331026
3583.063,2.8737294
3584.1803,2.0829838
3585.2978,1.8177286
3586.4155,2.1328658
3587.5334,1.5852582
3588.6514,2.0023566
3589.7696,1.2900435
3590.888,1.4404757
3592.0066,2.0379669
3593.1253,1.4433015
3594.2442,1.797656
3595.3633,1.5794616
3596.4826,0.74950277
3597.602,0.55483826
3598.7216,0.67389946
3599.8414,1.4360981
3600.9613,1.1786892
3602.0815,0.60755496
3603.2018,0.46779351
3604.3223,0.52411071
3605.4429,0.83925166
3606.5637,0.48772616
3607.6847,0.46561265
3608.8059,0.52977387
3609.9273,0.33511178
3611.0488,0.10123422
3612.1705,-0.054211743
3613.2923,0.28446016
3614.4144,-0.098436346
3615.5366,0.37356933
3616.659,0.0612615
3617.7816,0.30581663
3618.9043,0.95037199
3620.0272,0.12041776
3621.1503,-0.32522252
3622.2736,0.41345114
3623.397,-0.032188703
3624.5206,0.23589716
3625.6444,0.33927737
3626.7684,0.60736368
3627.8925,0.8754502
3629.0168,0.16314479
3630.1413,-0.10210157
3631.266,0.29147581
3632.3908,0.40270047
3633.5158,0.098239079
3634.641,0.28789555
3635.7663,0.39912088
3636.8919,0.16524838
3638.0176,-0.03725135
3639.1434,-0.1848489
3640.2695,0.41265181
3641.3957,0.18662333
3642.5221,-0.14136571
3643.6487,-0.22621728
3644.7754,0.19089216
3645.9024,0.090354752
3647.0295,-0.1513589
3648.1567,-0.008758611
3649.2842,0.024037978
3650.4118,-0.13924364
3651.5396,0.38767103
3652.6675,0.27144868
3653.7957,0.26503046
3654.924,0.039004619
3656.0525,-0.74388375
3657.1812,-0.43657581
3658.31,0.011908812
3659.439,0.19372699
3660.5682,0.64221205
3661.6976,0.32991302
3662.8271,0.5823201
3663.9568,1.0072764
3665.0867,0.32635059
3666.2167,0.045424988
3667.347,0.078225098
3668.4774,0.26788817
3669.608,0.32421813
3670.7387,0.074665963
3671.8696,0.28001597
3673.0007,-0.008751445
3674.132,-0.030851976
3675.2635,-0.060795424
3676.3951,0.57592801
3677.5269,0.13814187
3678.6589,-0.25258523
3679.791,0.14884475
3680.9233,0.1816475
3682.0558,0.32425439
3683.1885,-0.22333458
3684.3213,0.3506453
3685.4544,0.65795874
3686.5876,0.74566455
3687.7209,0.62160587
3688.8545,0.77990036
3689.9882,1.0087833
3691.1221,1.1278625
3692.2561,0.54890278
3693.3904,0.35425697
3694.5248,0.29294472
3695.6594,0.78849542
3696.7941,0.38992871
3697.9291,0.16391123
3699.0642,0.63593318
3700.1995,0.15109261
3701.3349,-0.23178695
3702.4705,-0.54407806
3703.6063,0.10833693
3704.7423,-0.17258119
3705.8785,-0.14761673
3707.0148,-0.43637755
3708.1513,-0.21533423
3709.288,0.26453285
3710.4248,-0.36148221
3711.5619,-0.57965391
3712.6991,0.1904099
3713.8364,0.31733668
3714.974,-0.00279515
3716.1117,0.20256344
3717.2496,-0.25874442
3718.3877,0.47210481
3719.5259,0.01864053
3720.6643,-0.20737255
3721.8029,-0.046674456
3722.9417,-0.13695737
3724.0806,-0.0390056
3725.2197,0.027573006
3726.359,-0.28231959
3727.4985,-0.17652652
3728.6381,-0.2668125
3729.778,0.25466561
3730.9179,0.49379017
3732.0581,-0.004340781
3733.1984,0.21909628
3734.3389,0.12880724
3735.4796,0.2738117
3736.6205,0.042344955
3737.7615,0.2108776
3738.9027,0.95195865
3740.0441,1.0342156
3741.1856,0.73215814
3742.3274,-0.11891951
3743.4693,0.41039438
3744.6114,0.74362923
3745.7536,1.2337262
3746.896,0.65715591
3748.0386,1.0688203
3749.1814,1.0491115
3750.3244,0.66077467
3751.4675,0.63322153
3752.6108,0.60566777
3753.7542,0.75066243
3754.8979,0.29173489
3756.0417,0.57006165
3757.1857,0.93466231
3758.3299,0.56985058
3759.4742,0.63641079
3760.6187,0.60100961
3761.7634,0.82443134
3762.9083,0.27138187
3764.0533,-0.383629
3765.1985,-0.042562047
3766.3439,0.20438664
3767.4895,0.043491584
3768.6352,0.57279199
3769.7811,0.42758198
3770.9272,0.21962625
3772.0734,-0.082447729
3773.2199,-0.17275762
3774.3665,-0.27091126
3775.5133,-0.15730081
3776.6602,-0.090749793
3777.8073,-0.56537586
3778.9546,-0.32627705
3780.1021,-0.25972788
3781.2498,0.167605
3782.3976,0.29689805
3783.5456,-0.044397754
3784.6938,-0.056282403
3785.8421,-0.28777551
3786.9906,0.55524058
3788.1393,0.46492272
3789.2882,-0.088140857
3790.4372,0.68428515
3791.5865,0.46847526
3792.7359,0.57423337
3793.8854,1.0486183
3795.0352,0.80143405
3796.1851,0.82875895
3797.3352,0.47961266
3798.4854,0.74223045
3799.6359,0.4715143
3800.7865,0.34197401
3801.9373,0.016354674
3803.0882,-0.43475547
3804.2394,0.29060436
3805.3907,-0.25462466
3806.5421,-0.15671704
3807.6938,0.25491546
3808.8456,-0.10992324
3809.9976,0.47425705
3811.1498,0.093730851
3812.3022,0.16026286
3813.4547,-0.055558687
3814.6074,-0.27138085
3815.7603,0.17161991
3816.9133,-0.29518387
3818.0666,-0.14238042
3819.22,-0.099381498
3820.3735,-0.06422633
3821.5273,0.54347724
3822.6812,-0.11156489
3823.8353,-0.37445078
3824.9896,-0.30008238
3826.144,-0.50806754
3827.2986,0.0212016
3828.4534,-0.17894164
3829.6084,-0.40261491
3830.7635,0.30704454
3831.9188,0.71866417
3833.0743,0.63616553
3834.23,0.059548635
3835.3858,-0.093539463
3836.5418,0.41219536
3837.698,0.21989034
3838.8544,0.23934943
3840.0109,-0.031388182
3841.1676,0.027285361
3842.3245,-0.008159357
3843.4816,-0.38085959
3844.6388,-0.024148671
3845.7962,0.28550281
3846.9538,-0.33817965
3848.1115,-0.20107842
3849.2695,-0.14240917
3850.4276,-0.63276014
3851.5858,-0.33095486
3852.7443,0.19830079
3853.9029,-0.080287316
3855.0617,-0.61769956
3856.2207,-0.11197517
3857.3798,-0.037623934
3858.5391,-0.35543018
3859.6986,-0.17127625
3860.8583,0.26385746
3862.0182,0.23624545
3863.1782,-0.24626912
3864.3384,-0.22682353
3865.4987,0.24164365
3866.6593,0.49050266
3867.82,0.00994959
3868.9809,-0.63530968
3870.1419,-0.35507907
3871.3032,0.81142573
3872.4646,0.43283217
3873.6262,0.38365005
3874.7879,0.46780096
3875.9499,-0.34216611
3877.112,0.47139592
3878.2743,0.2888792
3879.4367,0.66322491
3880.5993,1.2101193
3881.7621,0.52564086
3882.9251,0.80586797
3884.0883,0.81942809
3885.2516,0.89573299
3886.4151,1.113214
3887.5788,0.88363595
3888.7426,0.81092028
3889.9067,1.1931063
3891.0709,1.010586
3892.2352,1.3535557
3893.3998,0.56711327
3894.5645,0.58851366
3895.7294,1.1354039
3896.8945,1.4156272
3898.0597,1.2331051
3899.2251,0.70548459
3900.3907,1.1660991
3901.5565,1.4227917
3902.7224,1.224582
3903.8885,1.2773524
3905.0548,1.6203185
3906.2213,1.7750491
3907.3879,1.914093
3908.5547,1.7786269
3909.7217,1.8000231
3910.8889,1.8527916
3912.0562,1.9683049
3913.2237,3.4406805
3914.3914,3.2973696
3915.5593,4.275627
3916.7273,6.1950606
3917.8955,7.4713566
3919.0639,8.3398091
3920.2324,9.2004182
3921.4012,11.072792
3922.5701,11.102028
3923.7391,11.382243
3924.9084,11.780106
3926.0778,11.974047
3927.2474,11.077791
3928.4172,11.1933
3929.5871,10.289201
3930.7572,10.098827
3931.9275,9.32806
3933.098,8.2514107
3934.2686,9.174761
3935.4395,9.0000719
3936.6105,9.2881275
3937.7816,8.9330455
3938.953,7.8877671
3940.1245,7.6032727
3941.2962,7.8521114
3942.468,8.3284007
3943.6401,8.1458661
3944.8123,7.4613705
3945.9847,7.5062863
3947.1572,7.1198292
3948.33,6.0431757
3949.5029,6.3233847
3950.6759,6.1094757
3951.8492,6.107331
3953.0226,5.8385194
3954.1962,5.1226487
3955.37,5.802856
3956.544,5.2909062
3957.7181,4.9358188
3958.8924,4.8630841
3960.0669,4.3825058
3961.2415,4.5999665
3962.4163,4.82527
3963.5913,4.7368477
3964.7665,4.9778368
3965.9419,4.4266688
3967.1174,4.0951082
3968.2931,4.6498219
3969.4689,5.0633588
3970.645,4.2141502
3971.8212,4.5727845
3972.9976,5.1823989
3974.1742,5.1018168
3975.3509,5.4682933
3976.5278,5.4033969
3977.7049,5.9502649
3978.8822,6.2618384
3980.0596,6.6361567
3981.2372,7.2065532
3982.415,6.6004787
3983.593,6.512051
3984.7711,6.4079367
3985.9494,6.6410769
3987.1279,7.5800992
3988.3065,7.6877486
3989.4854,7.5993193
3990.6644,7.0481446
3991.8435,7.3126558
3993.0229,6.9967746
3994.2024,6.9475596
3995.3821,7.0865797
3996.562,6.9197171
3997.7421,6.4705012
3998.9223,6.8526576
4000.1027,7.140696
4001.2832,7.5150086
4002.464,7.3324581
4003.6449,6.9852015
4004.826,7.1948072
4006.0073,7.5455891
4007.1887,8.0610766
4008.3703,8.4040147
4009.5521,8.6214624
4010.7341,8.4153802
4011.9162,8.6328272
4013.0985,9.1953719
4014.281,9.4755634
4015.4637,10.242029
4016.6465,9.1575139
4017.8295,9.414175
4019.0127,10.753189
4020.1961,11.394163
4021.3796,12.348862
4022.5633,13.47611
4023.7472,13.670025
4024.9313,14.154135
4026.1155,14.395107
4027.2999,14.785099
4028.4845,15.567248
4029.6692,17.823906
4030.8542,19.468798
4032.0393,20.392122
4033.2245,22.374269
4034.41,24.960338
4035.5956,27.075818
4036.7814,30.265807
4037.9674,34.7656
4039.1535,40.269314
4040.3398,47.122048
4041.5263,54.484585
4042.713,63.054964
4043.8998,67.060638
4045.0869,69.905527
4046.2741,71.189632
4047.4614,72.779618
4048.649,72.68333
4049.8367,72.743904
4051.0246,73.196634
4052.2126,72.786619
4053.4009,72.392291
4054.5893,72.405805
4055.7779,72.246769
4056.9666,71.617145
4058.1555,71.238501
4059.3447,70.404955
4060.5339,68.551801
4061.7234,66.486882
4062.913,64.76706
4064.1028,61.564885
4065.2928,58.684279
4066.483,56.807593
4067.6733,55.150515
4068.8638,52.936575
4070.0545,49.169692
4071.2453,47.261633
4072.4363,46.984946
4073.6275,46.245514
4074.8189,44.721768
4076.0104,42.256844
4077.2022,39.525254
4078.3941,41.421115
4079.5861,40.375799
4080.7784,39.087345
4081.9708,37.924381
4083.1634,39.428083
4084.3561,38.241589
4085.5491,37.078624
4086.7422,35.656835
4087.9355,35.152693
4089.1289,34.593649
4090.3226,32.513036
4091.5164,32.612814
4092.7104,33.20671
4093.9045,30.953547
4095.0989,29.445482
4096.2934,29.937416
4097.4881,28.884252
4098.6829,28.270303
4099.8779,27.570079
4101.0731,26.258091
4102.2685,25.063749
4103.4641,24.92823
4104.6598,25.208397
4105.8557,24.021897
4107.0518,23.604025
4108.248,23.578309
4109.4445,23.638867
4110.6411,22.546483
4111.8378,21.893315
4113.0348,23.106814
4114.2319,22.234037
4115.4292,21.769104
4116.6267,22.221817
4117.8243,22.549039
4119.0221,22.562536
4120.2201,22.976033
4121.4183,23.169921
4122.6166,23.034397
4123.8151,22.61652
4125.0138,22.551584
4126.2127,23.874883
4127.4117,24.178573
4128.6109,23.839126
4129.8103,24.025169
4131.0099,24.846506
4132.2096,25.150195
4133.4095,24.897021
4134.6096,24.369338
4135.8098,24.25734
4137.0103,24.231616
4138.2109,24.347068
4139.4116,23.144873
4140.6126,23.017188
4141.8137,23.728718
4143.015,22.683385
4144.2165,22.48511
4145.4181,22.459384
4146.62,21.955227
4147.822,21.553029
4149.0241,20.507695
4150.2265,20.191771
4151.429,20.675848
4152.6317,20.422669
4153.8346,20.757725
4155.0376,20.849644
4156.2408,20.518033
4157.4442,20.586421
4158.6478,21.101868
4159.8515,21.076138
4161.0554,21.003349
4162.2595,20.216835
4163.4638,20.951888
4164.6682,20.28302
4165.8728,19.68474
4167.0776,19.808028
4168.2826,19.641119
4169.4877,19.317348
4170.693,19.056321
4171.8985,19.289412
4173.1041,18.879365
4174.31,19.128141
4175.516,18.631819
4176.7222,17.837457
4177.9285,17.145056
4179.135,17.887948
4180.3417,17.430841
4181.5486,16.54236
4182.7557,15.787213
4183.9629,15.698731
4185.1703,16.088681
4186.3778,15.937454
4187.5856,15.825443
4188.7935,15.995784
4190.0016,16.134752
4191.2099,16.077641
4192.4183,15.338177
4193.6269,15.657537
4194.8357,15.114151
4196.0447,14.343313
4197.2538,14.552868
4198.4631,15.374187
4199.6726,15.215113
4200.8823,14.585451
4202.0921,14.504808
4203.3021,14.667302
4204.5123,15.46509
4205.7227,14.788368
4206.9332,14.315567
4208.1439,15.246687
4209.3548,15.040552
4210.5659,15.085397
4211.7771,14.902791
4212.9885,14.892734
4214.2001,14.780715
4215.4118,14.598108
4216.6237,15.246873
4217.8358,15.566226
4219.0481,14.905186
4220.2606,15.671598
4221.4732,15.034087
4222.686,15.808341
4223.899,15.931614
4225.1121,15.466651
4226.3254,16.295806
4227.5389,16.72496
4228.7526,16.730585
4229.9664,17.669542
4231.1804,18.632029
4232.3946,19.257261
4233.609,19.074649
4234.8235,19.668507
4236.0382,22.59962
4237.2531,24.15034
4238.4682,25.301061
4239.6834,27.259624
4240.8988,27.798578
4242.1144,27.78067
4243.3302,28.398056
4244.5461,29.297794
4245.7622,28.981845
4246.9785,28.446289
4248.195,28.373477
4249.4116,28.559488
4250.6284,27.37295
4251.8454,27.511902
4253.0625,27.470462
4254.2798,26.581962
4255.4973,25.222874
4256.715,23.714766
4257.9329,23.296853
4259.1509,22.486784
4260.3691,22.013969
4261.5875,22.427428
4262.806,21.131083
4264.0247,19.552384
4265.2436,18.452117
4266.4627,18.316555
4267.6819,18.87119
4268.9013,18.468961
4270.1209,17.102025
4271.3407,17.295874
4272.5606,16.93286
4273.7807,16.436512
4275.001,15.493105
4276.2215,15.851658
4277.4421,15.58276
4278.6629,15.917784
4279.8839,15.923395
4281.1051,15.481947
4282.3264,14.585597
4283.5479,14.826501
4284.7696,15.616425
4285.9915,15.269094
4287.2135,15.078625
4288.4357,14.323449
4289.6581,14.446705
4290.8806,14.468
4292.1033,14.167726
4293.3262,13.404706
4294.5493,13.896588
4295.7726,13.800234
4296.996,13.484272
4298.2196,13.403604
4299.4434,13.754309
4300.6673,13.312856
4301.8914,13.436108
4303.1157,13.551517
4304.3402,13.792416
4305.5648,13.107825
4306.7896,12.807547
4308.0146,13.064131
4309.2398,12.740323
4310.4651,13.318475
4311.6906,13.190745
4312.9163,13.259093
4314.1422,12.731362
4315.3682,12.823238
4316.5944,13.448448
4317.8208,13.163853
4319.0474,13.091023
4320.2741,13.331918
4321.501,13.094381
4322.7281,12.974491
4323.9553,12.321267
4325.1828,13.370004
4326.4104,12.583446
4327.6382,12.981202
4328.8661,13.065232
4330.0942,13.557105
4331.3225,13.350938
4332.551,12.078104
4333.7797,12.648407
4335.0085,12.708906
4336.2375,12.738032
4337.4666,12.82206
4338.696,12.192362
4339.9255,12.746977
4341.1552,12.564337
4342.3851,12.569932
4343.6151,11.806899
4344.8453,11.55367
4346.0757,11.833774
4347.3063,12.14525
4348.537,12.205746
4349.7679,11.936829
4350.999,11.597324
4352.2303,12.049975
4353.4617,12.157528
4354.6933,11.951355
4355.9251,11.682437
4357.1571,11.59391
4358.3892,11.732835
4359.6215,12.028621
4360.854,11.626368
4362.0866,11.992743
4363.3195,11.810097
4364.5525,11.972549
4365.7856,11.342844
4367.019,11.622942
4368.2525,12.036374
4369.4862,12.073334
4370.7201,12.282844
4371.9541,12.029608
4373.1884,11.894018
4374.4228,10.872154
4375.6573,11.324799
4376.8921,11.463719
4378.127,11.273226
4379.3621,10.92587
4380.5974,10.445181
4381.8328,10.733119
4383.0684,10.950468
4384.3042,11.097229
4385.5402,10.993009
4386.7763,10.951533
4388.0126,10.447313
4389.2491,10.727405
4390.4858,10.631027
4391.7226,10.23661
4392.9596,10.830427
4394.1968,10.318361
4395.4342,10.371002
4396.6717,10.486387
4397.9094,10.060595
4399.1473,10.230881
4400.3853,9.4129316
4401.6236,9.394982
4402.862,10.028012
4404.1005,9.7355523
4405.3393,9.8195625
4406.5782,9.6604351
4407.8173,9.2267975
4409.0566,9.5068852
4410.296,9.0575607
4411.5357,9.125883
4412.7754,9.2020482
4414.0154,8.9880169
4415.2556,9.2837892
4416.4959,8.9285808
4417.7364,9.083176
4418.977,9.0965945
4420.2179,9.1492283
4421.4589,8.8567637
4422.7001,9.2231224
4423.9415,9.4247748
4425.183,9.4695642
4426.4247,9.0045493
4427.6666,9.041495
4428.9086,8.9607932
4430.1509,8.872248
4431.3933,9.0895848
4432.6359,8.9226076
4433.8786,8.4732771
4435.1216,8.3141423
4436.3647,8.7589289
4437.6079,9.0546955
4438.8514,8.6524225
4440.095,8.4462277
4441.3388,8.2792482
4442.5828,8.9279547
4443.827,8.2354844
4445.0713,7.8724256
4446.3158,8.113288
4447.5605,8.5737579
4448.8053,8.2656001
4450.0503,8.4594027
4451.2955,8.2767344
4452.5409,9.0038698
4453.7864,9.2447303
4455.0322,8.4973551
4456.2781,8.0166464
4457.5241,8.0692706
4458.7704,8.2787573
4460.0168,8.2451064
4461.2634,8.2192983
4462.5101,8.3581958
4463.7571,8.1049361
4465.0042,7.8203035
4466.2515,8.2101805
4467.4989,8.6079002
4468.7466,8.7467961
4469.9944,8.5170642
4471.2423,8.514783
4472.4905,8.943874
4473.7388,8.6357098
4474.9873,8.6412708
4476.236,8.8193804
4477.4849,8.8170976
4478.7339,8.7599125
4479.9831,9.0713546
4481.2325,10.010247
4482.482,9.7177671
4483.7318,9.4801886
4484.9817,9.5877078
4486.2317,9.4991482
4487.482,9.5360786
4488.7324,9.8553615
4489.983,9.53935
4491.2338,9.6547108
4492.4847,10.170071
4493.7358,10.301118
4494.9871,9.7811833
4496.2386,9.512229
4497.4902,9.2432745
4498.742,10.056673
4499.994,10.407325
4501.2462,10.059938
4502.4985,9.2968648
4503.751,9.1298694
4505.0037,9.7864031
4506.2566,9.2821522
4507.5096,9.2484892
4508.7628,9.222669
4510.0162,8.310574
4511.2698,9.2180865
4512.5235,9.4981477
4513.7774,8.5311498
4515.0315,7.9955241
4516.2857,8.0010746
4517.5402,9.0340757
4518.7948,8.1925667
4520.0496,8.1745868
4521.3045,8.4781752
4522.5596,8.3268613
4523.8149,8.4579
4525.0704,7.9458012
4526.326,7.543506
4527.5819,8.0353281
4528.8379,8.3389146
4530.094,8.5640694
4531.3504,8.1931454
4532.6069,8.6457506
4533.8636,8.1022769
4535.1205,7.5980187
4536.3775,7.6663092
4537.6347,7.146364
4538.8921,7.7479872
4540.1497,7.8711786
4541.4074,8.0414286
4542.6653,7.9999136
4543.9234,7.3387903
4545.1817,7.8384511
4546.4401,7.8361508
4547.6987,8.1005168
4548.9575,8.0119414
4550.2164,7.6566989
4551.4756,7.693613
4552.7349,7.4481738
4553.9944,7.4537147
4555.254,7.2867063
4556.5138,7.4491093
4557.7738,7.9722963
4559.034,7.6170517
4560.2944,7.2147478
4561.5549,7.6359731
4562.8156,8.2532765
4564.0765,8.0313639
4565.3375,7.9584705
4566.5987,7.2816553
4567.8601,7.820526
4569.1217,8.1476318
4570.3834,7.7453254
4571.6454,7.6096854
4572.9075,7.9211038
4574.1697,8.2717377
4575.4322,8.551783
4576.6948,8.4632005
4577.9576,8.2203694
4579.2205,8.1683876
4580.4837,8.3438564
4581.747,8.1716125
4583.0105,8.1876036
4584.2741,8.407516
4585.538,8.5908267
4586.802,8.7218495
4588.0661,8.8267282
4589.3305,8.892391
4590.595,8.9685109
4591.8597,8.9348265
4593.1246,9.1129066
4594.3897,9.2805288
4595.6549,9.5187389
4596.9203,9.8092363
4598.1859,9.8958119
4599.4516,9.9013413
4600.7176,10.183995
4601.9837,10.437889
4603.2499,10.566294
4604.5164,10.70777
4605.783,10.927677
4607.0498,11.427322
4608.3168,11.777947
4609.5839,12.165173
4610.8512,12.33802
4612.1187,12.28603
4613.3864,12.511164
4614.6542,12.987278
4615.9222,13.539208
4617.1904,14.078066
4618.4588,14.352872
4619.7273,14.970161
4620.996,15.707711
4622.2649,16.249183
4623.534,16.44817
4624.8032,16.824935
4626.0726,17.612157
4627.3422,18.493497
4628.612,19.113398
4629.8819,19.681011
4631.152,20.183265
4632.4223,20.664603
4633.6927,21.313261
4634.9634,22.076951
4636.2342,22.992276
4637.5051,24.237011
4638.7763,25.602008
4640.0476,26.41537
4641.3191,27.011739
4642.5908,28.172813
4643.8626,29.945652
4645.1346,31.538098
4646.4068,32.659955
4647.6792,33.95959
4648.9518,35.248767
4650.2245,37.073892
4651.4974,38.73431
4652.7704,40.656166
4654.0437,42.410702
4655.3171,43.333864
4656.5907,44.162909
4657.8644,45.174959
4659.1384,46.953023
4660.4125,48.819975
4661.6868,49.651633
4662.9612,50.412702
4664.2359,50.846973
4665.5107,51.21327
4666.7857,51.448848
4668.0608,51.760243
4669.3361,52.296474
4670.6116,52.273227
4671.8873,51.72449
4673.1632,50.93523
4674.4392,50.153812
4675.7154,49.09527
4676.9918,48.421042
4678.2683,47.86446
4679.5451,47.399381
4680.822,45.666328
4682.099,43.80517
4683.3763,42.615907
4684.6537,42.051481
4685.9313,41.296204
4687.2091,40.221973
4688.487,39.484997
4689.7651,38.891811
4691.0434,38.152219
4692.3219,37.179948
4693.6005,36.338395
4694.8793,35.564815
4696.1583,34.697118
4697.4375,33.74576
4698.7168,32.731657
4699.9963,31.54239
4701.276,30.815868
4702.5559,29.827907
4703.8359,29.642561
4705.1161,29.504273
4706.3965,29.598665
4707.6771,28.859069
4708.9578,27.756074
4710.2387,27.51321
4711.5198,27.644202
4712.801,27.414409
4714.0825,26.91272
4715.3641,26.756129
4716.6458,26.949864
4717.9278,26.497848
4719.2099,25.713805
4720.4922,25.170285
4721.7747,24.924803
4723.0573,24.817883
4724.3401,25.009002
4725.6231,24.951755
4726.9063,24.99124
4728.1897,24.664711
4729.4732,24.427071
4730.7569,24.215574
4732.0407,24.001462
4733.3248,24.027873
4734.609,23.677813
4735.8934,23.578734
4737.1779,23.325405
4738.4627,23.053776
4739.7476,22.972996
4741.0327,22.910516
4742.3179,23.135618
4743.6034,23.033921
4744.889,23.005428
4746.1747,22.846215
4747.4607,22.454321
4748.7468,22.127788
4750.0331,22.065306
4751.3196,22.112627
4752.6063,21.869752
4753.8931,21.381126
4755.1801,21.020603
4756.4673,21.177727
4757.7546,21.439427
4759.0421,21.308968
4760.3298,21.139294
4761.6177,21.019293
4762.9058,21.105828
4764.194,20.891708
4765.4824,20.661902
4766.7709,20.740592
4768.0597,20.808825
4769.3486,20.788168
4770.6377,20.328296
4771.927,19.87888
4773.2164,19.607242
4774.506,19.56044
4775.7958,19.795991
4777.0858,20.010627
4778.3759,20.17036
4779.6662,20.23859
4780.9567,19.922505
4782.2474,19.888773
4783.5382,19.844584
4784.8292,19.952028
4786.1204,20.135289
4787.4117,20.064954
4788.7033,20.214227
4789.995,19.885069
4791.2869,19.762446
4792.5789,19.281653
4793.8711,18.999552
4795.1635,18.40634
4796.4561,18.105938
4797.7489,17.93364
4799.0418,18.116898
4800.3349,18.109306
4801.6282,18.11217
4802.9216,18.088891
4804.2152,18.091755
4805.509,17.79658
4806.803,17.219051
4808.0971,16.848058
4809.3914,16.652228
4810.6859,16.715221
4811.9806,16.66841
4813.2754,16.642514
4814.5705,16.574787
4815.8656,16.460001
4817.161,16.227568
4818.4565,15.942847
4819.7523,15.778387
4821.0481,15.760332
4822.3442,15.705676
4823.6404,15.669319
4824.9368,15.53623
4826.2334,15.680266
4827.5302,15.690967
4828.8271,15.806244
4830.1242,15.743742
4831.4215,15.662939
4832.7189,15.448803
4834.0166,15.522248
4835.3144,15.535562
4836.6123,15.38417
4837.9105,14.971339
4839.2088,14.898378
4840.5073,14.997965
4841.806,14.943303
4843.1048,14.627204
4844.4038,14.585614
4845.703,14.923108
4847.0024,15.250145
4848.302,15.171952
4849.6017,15.012714
4850.9016,14.754128
4852.2016,14.438027
4853.5019,14.302316
4854.8023,14.4019
4856.1029,14.538085
4857.4036,14.329171
4858.7046,14.096728
4860.0057,14.013304
4861.307,13.838376
4862.6084,13.430768
4863.9101,12.98133
4865.2119,12.72797
4866.5138,12.856309
4867.816,13.070923
4869.1183,13.230634
4870.4208,13.165508
4871.7235,13.14744
4873.0264,12.951594
4874.3294,12.936141
4875.6326,13.069706
4876.936,13.119611
4878.2395,12.918536
4879.5432,12.516153
4880.8471,12.192201
4882.1512,12.064327
4883.4555,11.999198
4884.7599,12.219035
4886.0645,12.538219
4887.3692,12.520148
4888.6742,12.204037
4889.9793,11.877469
4891.2846,11.814952
4892.5901,11.930213
4893.8957,11.933055
4895.2015,11.980341
4896.5075,12.030241
4897.8137,11.881449
4899.12,11.798015
4900.4265,11.832228
4901.7332,12.117421
4903.04,12.203921
4904.3471,11.900879
4905.6543,11.741626
4906.9617,11.720936
4908.2692,11.674101
4909.577,11.739685
4910.8849,11.653634
4912.1929,11.690459
4913.5012,11.463231
4914.8096,11.426852
4916.1182,11.356486
4917.427,11.341022
4918.7359,11.343858
4920.0451,11.155844
4921.3544,11.158679
4922.6638,11.025567
4923.9735,11.281996
4925.2833,11.198556
4926.5933,10.767404
4927.9035,10.344094
4929.2138,10.048888
4930.5243,10.132767
4931.835,10.070241
4933.1459,9.7358183
4934.4569,9.6236179
4935.7681,9.4905021
4937.0795,9.6083665
4938.3911,9.6582566
4939.7028,9.760434
4941.0147,9.5515
4942.3268,9.1438729
4943.6391,8.8931081
4944.9515,8.9116241
4946.2641,9.0399437
4947.5769,9.1185898
4948.8898,9.1501768
4950.203,9.2209791
4951.5163,9.2604085
4952.8298,9.2763083
4954.1434,9.0856717
4955.4572,8.8662767
4956.7712,8.5762931
4958.0854,8.5634334
4959.3998,8.6734491
4960.7143,8.8200659
4962.029,8.6111268
4963.3438,8.4649324
4964.6589,8.5854045
4965.9741,8.6640461
4967.2895,8.588439
4968.6051,8.3742696
4969.9208,8.2568318
4971.2367,8.3668447
4972.5528,8.2023475
4973.8691,8.1947127
4975.1855,8.2158358
4976.5021,8.3206186
4977.8189,8.5404339
4979.1359,8.2243011
4980.453,8.0571876
4981.7703,7.7436685
4983.0878,7.5242668
4984.4055,7.4564988
4985.7233,7.5194493
4987.0413,7.9039682
4988.3595,7.9773757
4989.6779,7.8050312
4990.9964,7.705889
4992.3151,7.5936746
4993.634,7.6304795
4994.953,7.6071533
4996.2722,7.6805589
4997.5916,7.7304347
4998.9112,7.5371729
5000.231,7.3674403
5001.5509,7.3676419
5002.871,7.4175165
5004.1913,7.3889593
5005.5117,7.4205326
5006.8323,7.5200794
5008.1531,7.6091683
5009.4741,7.4891066
5010.7952,7.3821165
5012.1165,7.2620542
5013.438,7.241338
5014.7597,7.2415364
5016.0815,7.2391202
5017.4036,7.1059847
5018.7257,6.9022607
5020.0481,6.9808893
5021.3706,6.8738966
5022.6933,6.9446814
5024.0162,6.8638319
5025.3393,6.9607599
5026.6625,6.7622627
5027.9859,6.6029808
5029.3095,6.5456595
5030.6333,6.5223247
5031.9572,6.4989896
5033.2813,6.3527784
5034.6056,6.3634296
5035.93,6.3479368
5037.2547,6.4030318
5038.5795,6.3195644
5039.9044,6.1785803
5041.2296,6.0951123
5042.5549,6.1998793
5043.8804,6.2209858
5045.2061,6.0094122
5046.5319,5.8684266
5047.8579,5.9653491
5049.1841,6.0988727
5050.5105,6.0912194
5051.837,5.9110168
5053.1638,5.7334283
5054.4906,5.587212
5055.8177,5.5037405
5057.1449,5.5902033
5058.4724,5.7786265
5059.7999,5.977507
5061.1277,5.8600473
5062.4556,5.7844173
5063.7838,5.4578066
5065.112,5.57564
5066.4405,5.4712509
5067.7691,5.6518288
5069.0979,5.6964587
5070.4269,5.691415
5071.7561,5.77526
5073.0854,5.634268
5074.4149,5.4383737
5075.7446,5.2529366
5077.0744,5.2923358
5078.4045,5.5801007
5079.7347,5.6325711
5081.065,5.6458256
5082.3956,5.578034
5083.7263,5.5886734
5085.0572,5.6149988
5086.3883,5.5890363
5087.7195,5.5055571
5089.0509,5.424692
5090.3825,5.4562449
5091.7143,5.8198236
5093.0462,5.8696765
5094.3784,5.8437121
5095.7106,5.53278
5097.0431,5.6427627
5098.3757,5.7867319
5099.7086,5.8757989
5101.0415,5.9021205
5102.3747,5.7741934
5103.708,5.7403836
5105.0416,5.8372925
5106.3752,5.9394298
5107.7091,6.112155
5109.0431,6.0286707
5110.3773,5.9739443
5111.7117,5.8250999
5113.0463,5.8200461
5114.381,5.9666259
5115.7159,5.9223557
5117.051,5.386582
5118.3862,4.8900236
5119.7217,4.8588244
5121.0573,5.1962523
5122.393,5.1493661
5123.729,4.9064013
5125.0651,4.7470962
5126.4014,4.5433463
5127.7379,4.36574
5129.0745,4.1672183
5130.4113,4.2170622
5131.7483,4.0838994
5133.0855,4.0134813
5134.4228,4.1156119
5135.7604,4.2334284
5137.098,4.3434015
5138.4359,4.1239626
5139.7739,4.0038697
5141.1122,3.5726654
5142.4505,3.2591078
5143.7891,3.3089486
5145.1278,3.4633642
5146.4667,3.531505
5147.8058,3.3460508
5149.1451,3.1422955
5150.4845,3.1947491
5151.8241,3.0485095
5153.1639,3.090505
5154.5039,3.1168138
5155.844,3.106521
5157.1843,3.0230253
5158.5248,3.1042351
5159.8654,3.1749871
5161.2062,3.295412
5162.5472,3.1177974
5163.8884,3.0159994
5165.2298,2.8592992
5166.5713,2.7104417
5167.913,2.7262899
5169.2549,2.6715495
5170.5969,2.7422989
5171.9391,2.7189304
5173.2815,2.5857577
5174.6241,2.5179441
5175.9668,2.3795419
5177.3097,2.4921199
5178.6528,2.5001223
5179.9961,2.4375362
5181.3395,2.3592635
5182.6831,2.1685722
5184.0269,2.0667695
5185.3709,2.038169
5186.715,1.93898
5188.0593,1.8528626
5189.4038,1.7981174
5190.7485,1.8610189
5192.0933,1.9422208
5193.4383,1.8770172
5194.7835,1.9477609
5196.1289,1.8250402
5197.4744,1.7049337
5198.8201,1.5429967
5200.166,1.4072032
5201.512,1.6426512
5202.8582,1.713393
5204.2046,1.7632195
5205.5512,1.449647
5206.898,1.3347669
5208.2449,1.3323048
5209.592,1.2958555
5210.9392,1.2149614
5212.2867,1.1157664
5213.6343,1.1760481
5214.9821,1.4010355
5216.3301,1.5449767
5217.6782,1.4719242
5219.0265,1.2890674
5220.375,1.2133998
5221.7237,1.2449215
5223.0725,1.2293841
5224.4215,0.98639529
5225.7707,0.78000751
5227.1201,0.65466516
5228.4696,0.99991074
5229.8193,1.1438488
5231.1692,1.0969369
5232.5193,0.67093966
5233.8695,0.48285062
5235.2199,0.48822532
5236.5705,0.77072389
5237.9212,0.87282998
5239.2722,0.96447823
5240.6233,1.0038386
5241.9745,1.0275123
5243.326,0.95183938
5244.6776,0.85263669
5246.0294,0.93382583
5247.3814,0.93919767
5248.7335,0.83215088
5250.0859,0.71987502
5251.4384,0.62851387
5252.791,0.56329619
5254.1439,0.35428735
5255.4969,0.20802329
5256.8501,0.24215106
5258.2035,0.37562492
5259.557,0.36007886
5260.9107,0.17459783
5262.2646,0.12244982
5263.6187,0.18794856
5264.9729,0.23776069
5266.3273,0.13855291
5267.6819,-0.002485266
5269.0367,-0.046791729
5270.3916,-0.01005276
5271.7467,-0.020372932
5273.102,-0.022850286
5274.4574,-0.14036064
5275.8131,-0.048720981
5277.1689,0.082134043
5278.5249,0.25481881
5279.881,0.24449673
5281.2373,0.19256507
5282.5939,0.1667796
5283.9505,0.11746711
5285.3074,0.14920276
5286.6644,0.065908136
5288.0216,-0.067057297
5289.379,-0.003941903
5290.7365,0.069633404
5292.0942,0.17981241
5293.4521,0.03117029
5294.8102,-0.065181856
5296.1685,-0.041270168
5297.5269,-0.090558698
5298.8855,-0.15291673
5300.2442,-0.10023968
5301.6032,0.043943028
5302.9623,0.19858565
5304.3216,0.18329603
5305.681,0.16278004
5307.0407,0.27298541
5308.4005,0.13482716
5309.7605,0.14830529
5311.1206,0.13825641
5312.481,0.23539946
5313.8415,0.27764295
5315.2022,0.23099995
5316.563,0.38828091
5317.9241,0.38608714
5319.2853,0.31853629
5320.6466,0.43660876
5322.0082,0.57821303
5323.3699,0.77995041
5324.7318,1.0313634
5326.0939,1.1180729
5327.4562,1.2204711
5328.8186,1.0117605
5330.1812,1.069719
5331.544,1.1564381
5332.9069,1.3529635
5334.27,1.6279227
5335.6333,1.8270673
5336.9968,1.9843842
5338.3604,2.2854943
5339.7242,2.6336657
5341.0882,3.1465453
5342.4524,3.3666169
5343.8167,3.4585863
5345.1813,3.6133032
5346.546,3.7758656
5347.9108,3.8260122
5349.2759,3.737599
5350.6411,3.8635673
5352.0065,4.1150282
5353.372,3.9612627
5354.7377,3.5878918
5356.1037,3.6223665
5357.4697,3.9627258
5358.836,4.1200811
5360.2024,3.796393
5361.569,3.4936223
5362.9358,3.3817037
5364.3028,3.5233822
5365.6699,3.3147363
5367.0372,3.1426942
5368.4047,2.9340531
5369.7723,2.8352184
5371.1401,2.7651442
5372.5081,2.6846149
5373.8763,2.6642187
5375.2447,2.4791191
5376.6132,2.3306231
5377.9819,2.4174236
5379.3508,2.451939
5380.7198,2.2354764
5382.089,2.0817612
5383.4584,2.0273949
5384.828,2.1298937
5386.1977,1.916055
5387.5676,1.7649638
5388.9377,1.6583195
5390.308,1.768671
5391.6784,1.7247766
5393.049,1.6756558
5394.4198,1.5847073
5395.7908,1.4362448
5397.1619,1.295628
5398.5332,1.0870396
5399.9047,0.99348633
5401.2764,0.89993545
5402.6482,0.85867455
5404.0202,0.92983435
5405.3924,0.99576778
5406.7647,1.1035337
5408.1373,0.9315634
5409.51,0.78051056
5410.8828,0.76279345
5412.2559,1.0744905
5413.6291,1.179654
5415.0025,0.98416629
5416.3761,0.58998817
5417.7498,0.52522421
5419.1238,0.63039729
5420.4978,0.80093225
5421.8721,0.79892057
5423.2466,0.81259757
5424.6212,0.66679985
5425.996,0.62035092
5427.3709,0.52161681
5428.7461,0.61112038
5430.1214,0.66925381
5431.4969,0.6437295
5432.8725,0.63389386
5434.2484,0.60314558
5435.6244,0.62991604
5437.0006,0.55472811
5438.3769,0.49784323
5439.7535,0.65011107
5441.1302,0.68734863
5442.5071,0.61217029
5443.8841,0.39320349
5445.2614,0.50626523
5446.6388,0.65331629
5448.0163,0.69579459
5449.3941,0.61017071
5450.772,0.55330739
5452.1501,0.39710007
5453.5284,0.28272521
5454.9069,0.2101828
5456.2855,0.3624794
5457.6643,0.43634702
5459.0432,0.47361572
5460.4224,0.52134434
5461.8017,0.50633026
5463.1812,0.41550158
5464.5609,0.36127661
5465.9407,0.44038736
5467.3207,0.50119985
5468.7009,0.41038076
5470.0813,0.33263595
5471.4618,0.41437067
5472.8426,0.48826464
5474.2234,0.56477539
5475.6045,0.48442579
5476.9857,0.47989558
5478.3672,0.38909326
5479.7487,0.32443712
5481.1305,0.44017554
5482.5124,0.51670067
5483.8945,0.55662688
5485.2768,0.42139209
5486.6593,0.41949303
5488.0419,0.54047219
5489.4247,0.55426419
5490.8077,0.46348343
5492.1909,0.36747631
5493.5742,0.38127551
5494.9577,0.33756076
5496.3414,0.28600527
5497.7252,0.14033453
5499.1092,0.13322828
5500.4934,0.33004599
5501.8778,0.5268661
5503.2623,0.69493043
5504.6471,0.42639585
5506.032,0.37224276
5507.417,0.27103323
5508.8023,0.4077346
5510.1877,0.38496124
5511.5733,0.17395498
5512.9591,-0.026591362
5514.345,-0.025828122
5515.7311,0.16317281
5517.1174,0.33648986
5518.5039,0.25360016
5519.8905,0.18639913
5521.2773,0.18978873
5522.6643,0.16180817
5524.0515,0.14167315
5525.4388,0.061409808
5526.8263,0.090952782
5528.214,0.11788377
5529.6018,0.08730082
5530.9899,0.0645634
5532.3781,0.06012903
5533.7664,0.094912743
5535.155,0.13231323
5536.5437,0.23768997
5537.9326,0.20973577
5539.3217,0.26282972
5540.711,0.18782149
5542.1004,0.18340389
5543.49,-0.004017843
5544.8798,-0.15483588
5546.2697,-0.007612301
5547.6598,0.12131302
5549.0501,0.2293257
5550.4406,0.094203525
5551.8312,0.008756948
5553.222,0.090633027
5554.613,0.13329582
5556.0042,0.23609172
5557.3955,0.22647172
5558.7871,0.19071033
5560.1787,0.13403629
5561.5706,-0.035053642
5562.9626,-0.005448371
5564.3549,-0.038585803
5565.7472,0.13742949
5567.1398,0.28207463
5568.5325,0.31953262
5569.9254,0.15830019
5571.3185,-0.013387349
5572.7118,-0.054353543
5574.1052,0.004029066
5575.4988,0.036270279
5576.8926,0.052827613
5578.2866,0.28376643
5579.6807,0.30555731
5581.075,0.25676236
5582.4695,-0.043010591
5583.8641,-0.23036284
5585.2589,-0.13797414
5586.6539,-0.063883694
5588.0491,-0.055150328
5589.4444,-0.1170028
5590.84,-0.17885288
5592.2357,0.039038
5593.6315,0.14974173
5595.0276,0.24737597
5596.4238,0.24043744
5597.8202,0.10016796
5599.2167,0.16905122
5600.6135,0.14381922
5602.0104,0.097674583
5603.4075,0.080290514
5604.8048,0.060294462
5606.2022,0.20500669
5607.5998,-0.016291763
5608.9976,-0.17222834
5610.3955,-0.16607102
5611.7937,0.096297852
5613.192,0.25932271
5614.5905,0.11385323
5615.9891,-0.002855676
5617.388,-0.012372648
5618.787,-0.053259773
5620.1861,-0.036628162
5621.5855,-0.080124875
5622.985,-0.042573439
5624.3847,-0.12266667
5625.7846,-0.12403887
5627.1846,0.002695604
5628.5849,0.074530226
5629.9853,0.054863687
5631.3858,0.077029319
5632.7866,0.06259575
5634.1875,0.18149762
5635.5886,0.11739506
5636.9899,0.014078925
5638.3913,-0.091849486
5639.7929,-0.14548821
5641.1947,-0.16775228
5642.5967,-0.17432796
5643.9988,-0.20965971
5645.4011,-0.22930308
5646.8036,-0.33783323
5648.2063,-0.25289722
5649.6091,-0.060769568
5651.0121,0.000641241
5652.4153,0.080354809
5653.8187,0.018894014
5655.2222,0.14567062
5656.6259,0.089442794
5658.0298,0.082890278
5659.4339,0.13385621
5660.8381,0.11690217
5662.2425,0.12609338
5663.6471,0.062083437
5665.0518,0.029447511
5666.4568,-0.016258846
5667.8619,-0.05673498
5669.2671,-0.10243841
5670.6726,-0.11153907
5672.0782,-0.042206886
5673.484,0.095100614
5674.89,0.15136383
5676.2961,0.058608896
5677.7024,-0.015843917
5679.1089,-0.15042598
5680.5156,-0.23533339
5681.9225,-0.18167723
5683.3295,-0.033901964
5684.7367,0.024985878
5686.144,-0.005013705
5687.5516,-0.032397445
5688.9593,0.029109169
5690.3672,0.017414632
5691.7752,0.000492801
5693.1835,-0.073943905
5694.5919,0.000640461
5696.0005,0.080455049
5697.4092,0.094911625
5698.8182,0.10152653
5700.2273,0.15520172
5701.6365,0.18273458
5703.046,0.18935388
5704.4556,0.18028836
5705.8654,0.15030928
5707.2754,0.14908983
5708.6856,0.28904831
5710.0959,0.42900826
5711.5064,0.40949255
5712.9171,0.20958615
5714.3279,0.19268775
5715.7389,0.16271891
5717.1501,0.096150238
5718.5615,-0.01224704
5719.9731,-0.10495658
5721.3848,-0.22119407
5722.7967,-0.22239741
5724.2087,-0.1843836
5725.621,-0.091466367
5727.0334,-0.069135905
5728.446,0.018555498
5729.8588,-0.021856209
5731.2717,-0.034882991
5732.6848,0.022679757
5734.0981,0.18481896
5735.5116,0.093364694
5736.9252,-0.005931418
5738.339,-0.089539962
5739.753,-0.024127602
5741.1672,-0.042374079
5742.5815,0.049184661
5743.996,0.083228356
5745.4107,-0.016059988
5746.8255,-0.078745729
5748.2406,-0.15450207
5749.6558,-0.036793067
5751.0711,-0.078559892
5752.4867,-0.1229398
5753.9024,-0.24836417
5755.3183,-0.25875456
5756.7344,-0.031235159
5758.1506,0.11001103
5759.5671,0.17544151
5760.9837,0.22518702
5762.4004,0.23571813
5763.8174,0.23056427
5765.2345,0.092078366
5766.6518,-0.004576177
5768.0693,0.094849006
5769.4869,0.20996176
5770.9047,0.33030456
5772.3227,0.37483167
5773.7409,0.38014439
5775.1592,0.40898781
5776.5777,0.31234233
5777.9964,0.1712537
5779.4153,0.11121212
5780.8343,0.22372085
5782.2535,0.42250538
5783.6729,0.51410167
5785.0925,0.42792148
5786.5122,0.4384746
5787.9321,0.49870223
5789.3522,0.50664356
5790.7725,0.4387692
5792.1929,0.37089613
5793.6135,0.52524658
5795.0343,0.59855258
5796.4552,0.64571607
5797.8763,0.61183511
5799.2976,0.49168094
5800.7191,0.4787176
5802.1408,0.33765098
5803.5626,0.31423272
5804.9846,0.33003143
5806.4068,0.33798831
5807.8291,0.38516216
5809.2516,0.34344842
5810.6743,0.46382748
5812.0972,0.47178954
5813.5202,0.43007968
5814.9434,0.35438419
5816.3668,0.33620634
5817.7904,0.43306246
5819.2141,0.38090027
5820.6381,0.37318382
5822.0621,0.2974948
5823.4864,0.25579401
5824.9108,0.25069582
5826.3355,0.22206952
5827.7602,0.25357522
5829.1852,0.32952667
5830.6103,0.37410686
5832.0356,0.31149881
5833.4611,0.2175195
5834.8868,0.21243037
5836.3126,0.29361705
5837.7386,0.21794228
5839.1648,0.058608671
5840.5911,0.10058355
5842.0177,0.15040286
5843.4444,0.23682477
5844.8712,0.21082967
5846.2983,0.35999927
5847.7255,0.4673401
5849.1529,0.44657765
5850.5805,0.27941126
5852.0082,0.2325076
5853.4361,0.23266407
5854.8642,0.21713555
5856.2925,0.15977827
5857.7209,0.073664107
5859.1496,0.086897645
5860.5784,0.013857969
5862.0073,-0.004278451
5863.4365,0.01418773
5864.8658,0.030040827
5866.2953,0.15831352
5867.7249,0.1872411
5869.1548,0.36518959
5870.5848,0.50653806
5872.015,0.55638456
5873.4453,0.3500232
5874.8758,0.13320562
5876.3065,-0.020865563
5877.7374,-0.025915845
5879.1685,-0.054494245
5880.5997,-0.02555501
5882.0311,0.11318944
5883.4627,0.076771789
5884.8944,-0.009317772
5886.3264,-0.16860865
5887.7585,-0.037702158
5889.1908,0.171637
5890.6232,0.13261144
5892.0558,-0.065889943
5893.4886,-0.17550115
5894.9216,-0.055045696
5896.3547,0.13338491
5897.7881,0.2224704
5899.2215,0.26188398
5900.6552,0.25424004
5902.0891,0.081891502
5903.5231,-0.009409984
5904.9573,-0.079795143
5906.3916,-0.050832602
5907.8262,-0.04016942
5909.2609,-0.047805597
5910.6958,-0.029296688
5912.1308,0.036272339
5913.5661,0.10184266
5915.0015,0.091597284
5916.4371,0.097039477
5917.8728,0.063267278
5919.3088,0.13407154
5920.7449,0.15520389
5922.1811,0.1188212
5923.6176,0.10858359
5925.0542,0.053902829
5926.491,0.16654363
5927.928,0.1563099
5929.3652,0.20620819
5930.8025,0.10708817
5932.24,0.052413887
5933.6777,0.052642859
5935.1155,0.047644367
5936.5535,0.068790961
5937.9917,-0.079995791
5939.4301,-0.090219156
5940.8686,-0.10566999
5942.3074,-0.08974697
5943.7463,-0.063365144
5945.1853,0.012691179
5946.6246,0.033846836
5948.064,0.081147579
5949.5036,0.060475761
5950.9433,0.1443804
5952.3833,0.11063928
5953.8234,0.061213172
5955.2637,-0.011741049
5956.7041,0.001580535
5958.1448,-0.011240378
5959.5856,0.012541312
5961.0266,-0.047335835
5962.4677,0.005206614
5963.9091,-0.1226418
5965.3506,-0.096240551
5966.7922,-0.093367421
5968.2341,-0.01990476
5969.6761,-0.064087863
5971.1183,-0.14487098
5972.5607,-0.15245019
5974.0033,-0.081596725
5975.446,0.033702475
5976.8889,0.039199048
5978.332,-0.044191973
5979.7752,-0.043921569
5981.2186,0.13101735
5982.6622,0.25105523
5984.106,0.29789141
5985.5499,0.20878081
5986.9941,0.093527325
5988.4384,-0.092313472
5989.8828,-0.061159885
5991.3275,-0.066606686
5992.7723,-0.03545126
5994.2173,-0.13762825
5995.6624,-0.093399088
5997.1078,0.047563018
5998.5533,0.089179637
5999.999,-0.002536157
6001.4448,0.078297988
6002.8909,0.14867554
6004.3371,0.20336773
6005.7835,-0.029520859
6007.23,-0.10554578
6008.6768,-0.058693968
6010.1237,0.045675105
6011.5707,0.11605817
6013.018,0.18382777
6014.4654,0.12349372
6015.913,-0.007427644
6017.3608,-0.072988615
6018.8088,-0.04181664
6020.2569,0.067787627
6021.7052,0.20876536
6023.1537,0.2268682
6024.6023,0.048893526
6026.0511,-0.082021405
6027.5001,0.077260661
6028.9493,0.34634757
6030.3986,0.30432428
6031.8482,0.20478558
6033.2979,0.26472492
6034.7477,0.30375014
6036.1978,0.49963903
6037.648,0.51513669
6039.0984,0.46527578
6040.5489,0.23763802
6041.9997,0.017844312
6043.4506,0.13530643
6044.9017,0.26322698
6046.3529,0.29441642
6047.8044,0.29946299
6049.256,0.15549088
6050.7078,0.087336673
6052.1597,0.11068666
6053.6119,0.003318606
6055.0642,0.14170311
6056.5166,0.11015389
6057.9693,0.14657945
6059.4221,0.091502656
6060.8751,0.083485607
6062.3283,0.10945641
6063.7817,0.11712747
6065.2352,0.020224291
6066.6889,0.038354711
6068.1428,0.08524422
6069.5968,0.17396471
6071.051,0.19209789
6072.5054,0.12657186
6073.96,0.084576156
6075.4147,-0.054150653
6076.8697,-0.090915758
6078.3248,-0.088464257
6079.78,0.14928228
6081.2355,0.22493823
6082.6911,0.32151014
6084.1469,0.3762529
6085.6028,0.44406847
6087.059,0.4700549
6088.5153,0.37578081
6089.9718,0.40438346
6091.4284,0.34148376
6092.8853,0.40146079
6094.3423,0.38823613
6095.7995,0.40638494
6097.2568,0.43499218
6098.7143,0.42961342
6100.1721,0.47652315
6101.6299,0.5495776
6103.088,0.51282904
6104.5462,0.49699644
6106.0046,0.42103404
6107.4632,0.48624902
6108.9219,0.72924271
6110.3809,0.96962293
6111.84,0.94856617
6113.2992,0.8673796
6114.7587,0.71299134
6116.2183,0.8331138
6117.6781,0.81728948
6119.1381,0.66551835
6120.5982,0.67845403
6122.0585,0.41688083
6123.519,0.4977922
6124.9797,0.44275678
6126.4405,0.62824516
6127.9016,0.6333423
6129.3628,0.58876716
6130.8241,0.74027136
6132.2857,0.62249544
6133.7474,0.56485116
6135.2093,0.38694636
6136.6713,0.41557843
6138.1336,0.58015913
6139.596,0.50421787
6141.0585,0.47795074
6142.5213,0.32357994
6143.9842,0.35221661
6145.4473,0.37823981
6146.9106,0.2709306
6148.3741,0.24205369
6149.8377,0.3491254
6151.3015,0.48495621
6152.7655,0.46915394
6154.2296,0.38537874
6155.694,0.2963757
6157.1585,0.36685071
6158.6231,0.32229395
6160.088,0.27512373
6161.553,0.25932699
6163.0182,0.36117822
6164.4836,0.50224605
6165.9491,0.56749782
6167.4148,0.3320969
6168.8807,0.31630475
6170.3468,0.19855274
6171.813,0.3239389
6173.2794,0.16697304
6174.746,0.04399502
6176.2128,0.041279362
6177.6797,-0.03725237
6179.1469,-0.045194947
6180.6141,0.006994114
6182.0816,0.1585305
6183.5492,0.26562336
6185.017,0.12696551
6186.485,0.11641315
6187.9532,0.11109047
6189.4215,0.084853671
6190.89,0.024630867
6192.3587,0.016696564
6193.8276,0.20222723
6195.2966,0.28841242
6196.7658,0.19943512
6198.2352,-0.035946485
6199.7047,-0.16152325
6201.1744,-0.2609553
6202.6443,-0.23751062
6204.1144,-0.11733299
6205.5847,-0.041598891
6207.0551,-0.020765829
6208.5257,0.068042008
6209.9964,0.17515142
6211.4674,0.17768658
6212.9385,-0.049842691
6214.4098,-0.03684817
6215.8813,-0.000323317
6217.3529,0.02051618
6218.8247,0.064886008
6220.2967,0.11971427
6221.7689,0.14578529
6223.2412,0.24505983
6224.7137,0.22145948
6226.1864,0.24491888
6227.6593,0.05922886
6229.1323,0.017330615
6230.6055,0.048635903
6232.0789,0.035497666
6233.5525,0.10863486
6235.0262,0.20007362
6236.5001,0.22615383
6237.9742,0.16857483
6239.4484,-0.004035937
6240.9229,-0.019783037
6242.3975,0.050745293
6243.8722,0.18663402
6245.3472,0.34605308
6246.8223,0.38259724
6248.2976,0.30149526
6249.7731,0.20993668
6251.2487,0.060862682
6252.7246,0.034665421
6254.2006,0.071214178
6255.6767,0.16005144
6257.1531,0.17830138
6258.6296,0.02138884
6260.1063,-0.038790752
6261.5831,-0.028381189
6263.0602,0.060460666
6264.5374,0.17806161
6266.0148,0.11265694
6267.4924,0.010651877
6268.9701,0.005379763
6270.448,0.20664451
6271.9261,0.39222391
6273.4044,0.4810722
6274.8828,0.26665344
6276.3614,0.096680039
6277.8402,-0.15172381
6279.3191,-0.12823132
6280.7983,0.023366662
6282.2776,-0.008040969
6283.7571,0.13571572
6285.2367,0.057251103
6286.7165,0.14087891
6288.1965,0.096403061
6289.6767,-0.05787579
6291.1571,0.025754775
6292.6376,-0.057934002
6294.1183,0.14073108
6295.5992,0.15639055
6297.0802,0.1642078
6298.5614,0.15895407
6300.0428,-0.03191965
6301.5244,-0.005798989
6303.0061,-0.042422507
6304.4881,0.090889536
6305.9701,0.25818943
6307.4524,0.13790854
6308.9349,0.085602421
6310.4175,-0.050362905
6311.9003,-0.024235808
6313.3832,0.012349725
6314.8664,-0.034723954
6316.3497,0.048922241
6317.8332,0.09335367
6319.3168,0.009681442
6320.8007,-0.040002938
6322.2847,-0.1890328
6323.7688,-0.24917286
6325.2532,-0.24918128
6326.7377,-0.19951558
6328.2224,-0.092332616
6329.7073,-0.034821938
6331.1924,-0.024369163
6332.6776,0.098502832
6334.163,0.11680058
6335.6486,0.090654808
6337.1343,0.040980541
6338.6203,-0.12111111
6340.1064,-0.003463273
6341.5926,-0.071435435
6343.0791,0.00961293
6344.5657,-0.06881491
6346.0525,-0.037437908
6347.5395,0.078711081
6349.0266,0.030154931
6350.5139,-0.044544267
6352.0014,-0.10355645
6353.4891,-0.010933896
6354.9769,0.1182907
6356.4649,0.054051997
6357.9531,-0.036329759
6359.4415,-0.022135608
6360.93,-9.76E-05
6362.4187,0.024555578
6363.9076,-0.10765327
6365.3967,-0.16143
6366.8859,-0.11324521
6368.3753,0.11533249
6369.8649,0.17136191
6371.3547,-0.002673288
6372.8446,-0.16102147
6374.3347,-0.094532302
6375.825,0.15234976
6377.3154,0.17178159
6378.8061,0.042194557
6380.2969,-0.001117226
6381.7878,-0.036585129
6383.279,0.045594771
6384.7703,0.046032412
6386.2618,0.077843264
6387.7535,0.070439092
6389.2453,-0.12519971
6390.7374,-0.2031908
6392.2296,-0.15569102
6393.7219,0.022528367
6395.2145,0.18506214
6396.7072,0.10968809
6398.2001,-0.004900996
6399.6931,-0.1090319
6401.1864,-0.095515083
6402.6798,0.074865141
6404.1734,0.088383281
6405.6671,0.15941842
6407.1611,0.097120894
6408.6552,0.016523373
6410.1495,-0.11636107
6411.6439,-0.1551272
6413.1386,-0.0527162
6414.6334,-0.005206498
6416.1284,-0.023055612
6417.6235,-0.098420404
6419.1189,-0.10842506
6420.6144,-0.081827741
6422.11,-0.021242835
6423.6059,-0.020787986
6425.1019,0.005811316
6426.5981,0.055940691
6428.0945,0.16881583
6429.591,0.19541711
6431.0878,0.096528866
6432.5847,-0.046803163
6434.0817,-0.10908878
6435.579,-0.048497917
6437.0764,-0.008821425
6438.574,-0.042346886
6440.0718,-0.17260371
6441.5697,-0.11985334
6443.0678,-0.04880165
6444.5661,0.12159711
6446.0646,0.14559129
6447.5632,0.020566536
6449.0621,-0.065241873
6450.561,-0.11706269
6452.0602,-0.043392654
6453.5595,-0.050767706
6455.0591,-0.034612683
6456.5587,0.070431889
6458.0586,0.13103268
6459.5586,0.11837349
6461.0588,-0.056376543
6462.5592,-0.11609324
6464.0598,-0.045090335
6465.5605,-0.026374353
6467.0614,-0.10177536
6468.5625,-0.12488814
6470.0637,-0.027738816
6471.5652,0.15568567
6473.0668,0.17179055
6474.5686,0.15652353
6476.0705,0.054982662
6477.5726,0.00311565
6479.0749,0.04536694
6480.5774,0.074546989
6482.08,0.017453184
6483.5829,-0.12591448
6485.0859,-0.20130762
6486.589,-0.085850445
6488.0924,0.050522423
6489.5959,0.13460836
6491.0996,0.082747247
6492.6034,0.14330509
6494.1075,0.20909234
6495.6117,0.10755999
6497.1161,0.1289041
6498.6207,0.12410509
6500.1254,0.14806489
6501.6303,0.007319475
6503.1354,-0.081137708
6504.6406,-0.033646523
6506.1461,0.042603487
6507.6517,0.14761232
6509.1575,0.16111854
6510.6634,0.020377055
6512.1696,-0.12820692
6513.6759,-0.26110396
6515.1823,-0.1874644
6516.689,-0.074608494
6518.1958,0.095764404
6519.7028,0.10143207
6521.21,-0.075906136
6522.7173,-0.16958356
6524.2249,-0.1796002
6525.7326,-0.10334167
6527.2404,-0.10551386
6528.7485,-0.15212985
6530.2567,-0.10201314
6531.7651,-0.10941213
6533.2737,-0.082823529
6534.7824,-0.050618824
6536.2913,-0.044557814
6537.8004,0.008562116
6539.3097,0.064296521
6540.8191,0.031142133
6542.3287,0.079033593
6543.8385,0.032807502
6545.3485,0.16435928
6546.8586,0.11290463
6548.3689,0.064064445
6549.8794,0.14594331
6551.3901,0.15984842
6552.9009,0.17636801
6554.4119,0.10661317
6555.9231,0.2172506
6557.4345,0.38540446
6558.946,0.29996364
6560.4577,0.22236606
6561.9696,0.053265301
6563.4816,0.10900124
6564.9939,0.14905101
6566.5063,0.22047342
6568.0188,0.29973906
6569.5316,0.23521395
6571.0445,0.11317259
6572.5576,0.077405842
6574.0709,-0.005419635
6575.5843,0.029402043
6577.098,0.032851268
6578.6117,0.088588171
6580.1257,0.047593144
6581.6399,-0.022159957
6583.1542,-0.029167864
6584.6687,0.044870077
6586.1833,0.07184929
6587.6982,0.088371083
6589.2132,0.065677286
6590.7284,0.050826722
6592.2437,0.059505666
6593.7593,0.068184707
6595.275,0.021961882
6596.7909,0.012340461
6598.3069,0.044549201
6599.8232,0.016627318
6601.3396,-0.079268325
6602.8562,-0.20653642
6604.3729,-0.12465409
6605.8898,-0.13688932
6607.4069,-0.14389569
6608.9242,-0.22410458
6610.4417,-0.065968349
6611.9593,0.003278834
6613.4771,0.056839589
6614.9951,0.1470015
6616.5132,0.13520247
6618.0316,0.16523335
6619.5501,0.038401331
6621.0687,-0.007385089
6622.5876,-0.040099767
6624.1066,-0.070200221
6625.6258,0.001659957
6627.1452,0.10750691
6628.6647,0.08524913
6630.1844,0.19632453
6631.7043,0.043347492
6633.2244,0.089063109
6634.7446,0.030203408
6636.265,0.018402377
6637.7856,-0.050915148
6639.3064,-0.22742237
6640.8273,-0.16340687
6642.3484,-0.091548385
6643.8697,-0.019690055
6645.3912,-0.0576358
6646.9128,-0.17924183
6648.4346,-0.18513614
6649.9566,-0.19364519
6651.4787,-0.032219989
6653.0011,0.10828981
6654.5236,0.12592341
6656.0463,0.033752721
6657.5691,-0.066261484
6659.0921,-0.030328352
6660.6153,0.036976954
6662.1387,0.13565443
6663.6623,0.16635768
6665.186,0.076799116
6666.7099,0.036913378
6668.234,0.012713538
6669.7582,0.22642182
6671.2826,0.3564696
6672.8072,0.36886994
6674.332,0.32636794
6675.8569,0.31523812
6677.382,0.53678766
6678.9073,0.64068977
6680.4328,0.50406863
6681.9584,0.33346018
6683.4843,0.18638077
6685.0102,0.41577157
6686.5364,0.52751494
6688.0627,0.60265663
6689.5893,0.59413781
6691.1159,0.69019377
6692.6428,0.78624937
6694.1698,0.80910197
6695.697,0.75090844
6697.2244,0.89663611
6698.752,1.0554353
6700.2797,1.1750184
6701.8076,1.1063659
6703.3357,0.97496787
6704.8639,0.96644529
6706.3924,0.99452365
6707.921,1.0748892
6709.4497,1.1421825
6710.9787,1.1781029
6712.5078,1.221866
6714.0371,1.2002693
6715.5666,1.2178879
6717.0962,1.1858329
6718.6261,1.2452808
6720.156,1.268127
6721.6862,1.2779009
6723.2166,1.3844065
6724.7471,1.292219
6726.2778,1.2680049
6727.8086,1.1941172
6729.3397,1.3006213
6730.8709,1.2711773
6732.4023,1.0874845
6733.9338,0.90379144
6735.4656,0.94754894
6736.9975,1.0122211
6738.5296,1.0167622
6740.0618,0.95332899
6741.5943,1.0467582
6743.1269,1.2238471
6744.6596,1.3669488
6746.1926,1.3192004
6747.7257,1.2792948
6749.259,1.1243561
6750.7925,1.0713778
6752.3262,0.98179782
6753.86,0.9392763
6755.394,0.84969559
6756.9282,0.85684652
6758.4625,0.89275525
6759.997,0.96003615
6761.5317,0.88875459
6763.0666,0.80701513
6764.6017,0.80893543
6766.1369,0.78471157
6767.6723,0.67421282
6769.2078,0.4748248
6770.7436,0.41661288
6772.2795,0.51003457
6773.8156,0.44136438
6775.3519,0.35700754
6776.8883,0.29617974
6778.4249,0.33731235
6779.9617,0.39935961
6781.4987,0.38036075
6783.0358,0.4502504
6784.5731,0.47569523
6786.1106,0.39395015
6787.6482,0.31220468
6789.1861,0.25921702
6790.7241,0.32649041
6792.2623,0.36239088
6793.8006,0.3956766
6795.3392,0.40020377
6796.8779,0.33152795
6798.4167,0.20010665
6799.9558,0.12620133
6801.495,0.11242634
6803.0344,0.10649412
6804.574,0.14762034
6806.1137,0.13384423
6807.6537,0.16974095
6809.1938,0.10629088
6810.734,0.16310188
6812.2745,0.099651065
6813.8151,0.10678811
6815.3559,0.077323471
6816.8969,0.1681199
6818.438,0.14388326
6819.9793,0.16931946
6821.5208,0.21567031
6823.0625,0.26463517
6824.6043,0.26131207
6826.1463,0.30243304
6827.6885,0.34355363
6829.2309,0.38990261
6830.7734,0.36566298
6832.3161,0.41462558
6833.859,0.33809761
6835.4021,0.30862809
6836.9453,0.29745885
6838.4887,0.36994937
6840.0323,0.3430931
6841.576,0.2744064
6843.12,0.21094807
6844.6641,0.33311029
6846.2083,0.38729827
6847.7528,0.39181268
6849.2974,0.38848357
6850.8422,0.36946781
6852.3872,0.33737979
6853.9323,0.25823256
6855.4777,0.31764705
6857.0232,0.51562325
6858.5688,0.51752065
6860.1147,0.44882944
6861.6607,0.39320975
6863.2069,0.51536746
6864.7533,0.70288427
6866.2998,0.81196934
6867.8465,0.75634814
6869.3934,0.70072657
6870.9405,0.79673862
6872.4877,0.94765224
6874.0351,1.0724217
6875.5827,1.2573215
6877.1305,1.4186915
6878.6784,1.5251592
6880.2265,1.545352
6881.7748,1.7328647
6883.3233,1.9491352
6884.8719,1.9588693
6886.4207,1.9006292
6887.9697,1.7378136
6889.5188,1.8416643
6891.0682,2.0605473
6892.6177,2.3108024
6894.1674,2.4826258
6895.7172,2.4740567
6897.2672,2.5988205
6898.8174,2.6242376
6900.3678,2.7333144
6901.9184,2.8031751
6903.4691,2.8233623
6905.02,2.9977975
6906.571,3.1356309
6908.1223,3.2786928
6909.6737,3.2492052
6911.2253,3.2197173
6912.7771,3.3784643
6914.329,3.3594332
6915.8811,3.4292905
6917.4334,3.4991475
6918.9859,3.6761937
6920.5385,3.7643506
6922.0913,3.6668862
6923.6443,3.7498136
6925.1975,3.7281654
6926.7508,3.7405038
6928.3043,3.6221229
6929.858,3.5612579
6931.4119,3.5526801
6932.9659,3.565017
6934.5201,3.7342163
6936.0745,3.8668139
6937.6291,3.9837248
6939.1838,4.0588053
6940.7387,4.0319246
6942.2938,3.8978541
6943.849,3.8552864
6945.4044,3.6715418
6946.96,3.626359
6948.5158,3.5393457
6950.0718,3.7477569
6951.6279,3.8045338
6953.1842,3.8796109
6954.7407,3.8291974
6956.2973,3.8964306
6957.8541,3.7388269
6959.4111,3.6936411
6960.9683,3.601396
6962.5256,3.4699349
6964.0831,3.403833
6965.6408,3.36126
6967.1987,3.4624775
6968.7567,3.2787274
6970.3149,3.0348461
6971.8733,2.7805069
6973.4319,2.6621151
6974.9906,2.6744419
6976.5495,2.4593173
6978.1086,2.2311204
6979.6679,2.1493284
6981.2273,2.1616536
6982.7869,2.2419524
6984.3467,2.0032965
6985.9067,1.921503
6987.4668,1.9155261
6989.0271,1.9069344
6990.5876,1.8721986
6992.1482,1.5943252
6993.709,1.5229873
6995.27,1.582368
6996.8312,1.6731209
6998.3926,1.7429583
6999.9541,1.7761941
7001.5158,1.9401485
7003.0777,1.9132528
7004.6397,1.7138077
7006.2019,1.464689
7007.7643,1.3959622
7009.3269,1.3978232
7010.8896,1.3918406
7012.4525,1.4250734
7014.0156,1.280528
7015.5789,1.1647405
7017.1423,1.01758
7018.7059,1.131857
7020.2697,1.1337153
7021.8337,1.1277302
7023.3978,1.0668427
7024.9621,1.1968045
7026.5266,1.2483345
7028.0913,1.2345047
7029.6561,1.2938772
7031.2211,1.3244911
7032.7863,1.3943203
7034.3517,1.24977
7035.9172,1.0137161
7037.4829,0.97112592
7039.0488,0.94945036
7040.6148,0.98267638
7042.181,0.86426804
7043.7474,0.74324495
7045.314,0.7947705
7046.8808,0.78877933
7048.4477,0.79324531
7050.0148,0.66699196
7051.582,0.6060977
7053.1495,0.69160831
7054.7171,0.74574598
7056.2849,0.81818394
7057.8529,0.80173263
7059.421,0.8532548
7060.9893,0.83941712
7062.5578,0.7706771
7064.1265,0.71239423
7065.6953,0.70901293
7067.2643,0.85726525
7068.8335,0.88525576
7070.4029,0.79037008
7071.9724,0.66411147
7073.5421,0.4855649
7075.112,0.53446894
7076.6821,0.48925495
7078.2523,0.5930602
7079.8227,0.62104808
7081.3933,0.55491794
7082.964,0.65872206
7084.535,0.72069574
7086.1061,0.77744029
7087.6774,0.73745243
7089.2488,0.63210473
7090.8204,0.6078024
7092.3922,0.46323825
7093.9642,0.43893517
7095.5364,0.4538474
7097.1087,0.42954357
7098.6812,0.33726551
7100.2538,0.28681713
7101.8267,0.32787165
7103.3997,0.40814148
7104.9729,0.32109067
7106.5463,0.35168655
7108.1198,0.35875264
7109.6935,0.38934776
7111.2674,0.41471375
7112.8415,0.43746499
7114.4157,0.4288433
7115.9901,0.44375065
7117.5647,0.46650076
7119.1395,0.51800867
7120.7144,0.43356849
7122.2895,0.41971616
7123.8648,0.48429484
7125.4403,0.44168359
7127.0159,0.45658832
7128.5917,0.33815933
7130.1677,0.42365153
7131.7438,0.37319565
7133.3202,0.40117077
7134.8967,0.44483178
7136.4733,0.41267542
7138.0502,0.39359059
7139.6272,0.41110669
7141.2044,0.54104071
7142.7818,0.74156259
7144.3593,0.78260697
7145.9371,0.81057908
7147.515,0.82286454
7149.093,0.77501891
7150.6713,0.78207486
7152.2497,0.70808469
7153.8283,0.76219871
7155.407,0.85029929
7156.986,0.90441257
7158.5651,1.010813
7160.1444,0.89237655
7161.7239,0.98570438
7163.3035,0.9090972
7164.8833,0.97628049
7166.4633,0.93888825
7168.0435,0.8675087
7169.6238,0.91116145
7171.2043,1.0332452
7172.785,1.2154593
7174.3658,1.321856
7175.9469,1.2975334
7177.5281,1.3019686
7179.1095,1.1443119
7180.691,0.8820797
7182.2727,0.87344187
7183.8546,0.90401935
7185.4367,0.91368142
7187.019,0.80308168
7188.6014,0.96960575
7190.184,1.1805739
7191.7668,1.2242214
7193.3497,1.0273456
7194.9328,0.94811656
7196.5161,0.91071718
7198.0996,0.80534357
7199.6833,0.80715912
7201.2671,0.82727496
7202.8511,0.98072375
7204.4352,1.1106428
7206.0196,1.1019993
7207.6041,0.99400905
7209.1888,0.8154302
7210.7736,0.75972678
7212.3587,0.76153934
7213.9439,0.64570445
7215.5293,0.62660122
7217.1148,0.58658258
7218.7006,0.58316488
7220.2865,0.64249189
7221.8726,0.56325644
7223.4588,0.78467421
7225.0453,0.86491513
7226.6319,0.98175698
7228.2186,0.80055925
7229.8056,0.60106048
7231.3927,0.54012343
7232.98,0.59683306
7234.5675,0.62739853
7236.1551,0.52463029
7237.743,0.46107735
7239.331,0.53085738
7240.9191,0.64508148
7242.5075,0.68087382
7244.096,0.56241743
7245.6847,0.51977765
7247.2736,0.54772574
7248.8626,0.67763423
7250.4518,0.67682339
7252.0412,0.56359388
7253.6308,0.46343589
7255.2205,0.44693765
7256.8105,0.67880505
7258.4005,0.65707731
7259.9908,0.56476095
7261.5813,0.48813049
7263.1719,0.52391796
7264.7626,0.66428021
7266.3536,0.55104732
7267.9447,0.52931732
7269.5361,0.54941701
7271.1275,0.51461437
7272.7192,0.53471331
7274.311,0.45807985
7275.903,0.36314535
7277.4952,0.35187062
7279.0876,0.36412492
7280.6801,0.61690172
7282.2728,0.65791344
7283.8657,0.71461106
7285.4587,0.64320373
7287.0519,0.52735158
7288.6453,0.43764284
7290.2389,0.44205138
7291.8327,0.4386164
7293.4266,0.39596536
7295.0207,0.2591963
7296.615,0.27667523
7298.2094,0.55820607
7299.804,0.71424634
7301.3988,0.77093983
7302.9938,0.57665255
7304.5889,0.52092699
7306.1842,0.43121413
7307.7797,0.40686036
7309.3754,0.3981925
7310.9712,0.52024321
7312.5672,0.78869878
7314.1634,0.88983371
7315.7598,0.89685062
7317.3563,0.77837696
7318.953,0.76970684
7320.5499,0.93097099
7322.147,0.80726744
7323.7442,0.84304064
7325.3416,0.7873102
7326.9392,0.93027219
7328.5369,0.98434492
7330.1349,1.0201166
7331.733,1.1996788
7333.3312,1.2668223
7334.9297,1.3522661
7336.5283,1.1945722
7338.1271,1.2407995
7339.7261,1.2295102
7341.3252,1.346325
7342.9246,1.4134662
7344.524,1.6087117
7346.1237,1.7751986
7347.7236,1.7769792
7349.3236,1.6114392
7350.9238,1.4432845
7352.5241,1.4058483
7354.1247,1.4651438
7355.7254,1.5558114
7357.3263,1.5000735
7358.9273,1.3842044
7360.5286,1.2866357
7362.13,1.3119423
7363.7316,1.3372486
7365.3333,1.2736657
7366.9353,1.2048536
7368.5374,1.0471522
7370.1397,0.92866617
7371.7421,0.88338235
7373.3448,1.0524772
7374.9476,1.0777809
7376.5505,0.94360709
7378.1537,0.80943289
7379.757,0.89486615
7381.3605,0.96461276
7382.9642,0.83305181
7384.5681,0.59691532
7386.1721,0.31894839
7387.7763,0.33117716
7389.3806,0.4505951
7390.9852,0.66935907
7392.5899,0.56655404
7394.1948,0.3173434
7395.7999,0.1910082
7397.4051,0.09865956
7399.0105,0.19454583
7400.6161,0.18324219
7402.2219,0.2555983
7403.8278,0.19984947
7405.434,0.19115908
7407.0402,0.27397158
7408.6467,0.20253534
7410.2533,0.060510488
7411.8602,-0.10242977
7413.4671,-0.090207004
7415.0743,-0.057069582
7416.6816,0.064956354
7418.2891,0.12423682
7419.8968,0.089399257
7421.5047,-0.005569398
7423.1127,-0.21818549
7424.7209,-0.075246395
7426.3293,-0.065641012
7427.9379,-0.008977181
7429.5466,-0.1928366
7431.1555,-0.14224974
7432.7646,-0.036761676
7434.3738,0.011209302
7435.9832,-0.071539425
7437.5928,-0.086315046
7439.2026,-0.038346318
7440.8126,-0.02436527
7442.4227,-0.078358827
7444.033,-0.025163593
7445.6434,-0.016413553
7447.2541,0.27468868
7448.8649,0.44029996
7450.4759,0.54577978
7452.0871,0.44995165
7453.6984,0.31229271
7455.3099,0.37594021
7456.9216,0.40560003
7458.5335,0.37251401
7460.1455,0.3054403
7461.7577,0.27235277
7463.3701,0.49808803
7464.9827,0.6401624
7466.5954,0.83713798
7468.2083,0.759603
7469.8214,0.6794529
7471.4346,0.57838702
7473.0481,0.58450992
7474.6617,0.6638347
7476.2755,0.80851819
7477.8894,0.80156695
7479.5035,0.86258882
7481.1178,0.65694327
7482.7323,0.71273488
7484.347,0.60381986
7485.9618,0.58379297
7487.5768,0.49840586
7489.192,0.49406375
7490.8073,0.57338101
7492.4228,0.59779557
7494.0385,0.58822245
7495.6544,0.65707995
7497.2704,0.54554455
7498.8867,0.50198225
7500.503,0.50286365
7502.1196,0.639692
7503.7364,0.68501634
7505.3533,0.5342615
7506.9704,0.59004185
7508.5876,0.62229205
7510.2051,0.60748267
7511.8227,0.50378365
7513.4405,0.47067211
7515.0584,0.57612192
7516.6765,0.53255137
7518.2949,0.47329379
7519.9133,0.37743416
7521.532,0.44627965
7523.1508,0.38963421
7524.7698,0.37481807
7526.389,0.28156982
7528.0084,0.31903977
7529.6279,0.37480962
7531.2476,0.28678787
7532.8675,0.27981112
7534.4875,0.30943493
7536.1077,0.48284884
7537.7281,0.51769991
7539.3487,0.49241951
7540.9695,0.46713836
7542.5904,0.65623554
7544.2115,0.77735812
7545.8327,0.88279367
7547.4542,0.65358795
7549.0758,0.52111351
7550.6976,0.63438995
7552.3196,0.70322119
7553.9417,0.81126737
7555.564,0.70493371
7557.1865,0.83389343
7558.8092,0.81383278
7560.432,0.78854263
7562.055,0.88089878
7563.6782,0.91312347
7565.3016,1.0002494
7566.9251,0.95926993
7568.5488,0.93136165
7570.1727,1.0394003
7571.7967,1.1029938
7573.421,1.3600506
7575.0454,1.4497864
7576.6699,1.6231815
7578.2947,1.59004
7579.9196,1.5098389
7581.5447,1.4191795
7583.17,1.5794997
7584.7955,1.7633487
7586.4211,1.7824909
7588.0469,1.7702599
7589.6729,1.8835184
7591.299,2.0542924
7592.9253,1.8930395
7594.5518,1.7108709
7596.1785,1.5182439
7597.8053,1.6968581
7599.4323,1.9722035
7601.0595,2.1377443
7602.6869,2.1777941
7604.3144,1.9433334
7605.9422,2.0435124
7607.57,2.1933639
7609.1981,2.324914
7610.8263,2.3309731
7612.4548,2.3762472
7614.0833,2.5940695
7615.7121,2.6916297
7617.341,2.629712
7618.9701,2.7664863
7620.5994,2.98692
7622.2289,3.1838236
7623.8585,3.0722297
7625.4883,3.1044259
7627.1183,3.4320461
7628.7484,3.7701231
7630.3788,3.815389
7632.0093,3.6018305
7633.6399,3.3333693
7635.2708,3.4727506
7636.9018,3.8500395
7638.533,4.263929
7640.1644,4.3614779
7641.7959,4.202817
7643.4277,4.1644166
7645.0596,4.2332051
7646.6916,4.2967641
7648.3239,4.2923485
7649.9563,4.2774746
7651.5889,4.1606391
7653.2216,4.0359598
7654.8546,3.7518026
7656.4877,3.600978
7658.121,3.452767
7659.7544,3.5450782
7661.3881,3.7210487
7663.0219,3.6878681
7664.6559,3.4272358
7666.29,3.1064721
7667.9244,3.0393023
7669.5589,3.0505632
7671.1936,3.0827384
7672.8284,2.9632788
7674.4634,2.7287858
7676.0986,2.3844882
7677.734,2.1970525
7679.3696,2.1481782
7681.0053,2.0261005
7682.6412,1.9615384
7684.2773,1.713969
7685.9135,1.7173792
7687.55,1.4070632
7689.1866,1.4732171
7690.8233,1.7093048
7692.4603,1.995065
7694.0974,1.8912819
7695.7347,1.5914197
7697.3722,1.3882888
7699.0098,1.5537845
7700.6476,1.6905214
7702.2856,1.7697411
7703.9238,1.5666071
7705.5621,1.3242568
7707.2006,1.1890952
7708.8393,1.3205995
7710.4782,1.4808612
7712.1172,1.7509261
7713.7564,1.8928857
7715.3958,1.9590276
7717.0354,1.8081752
7718.6751,1.6547077
7720.315,1.5430695
7721.9551,1.6536528
7723.5953,1.6126013
7725.2358,1.5140328
7726.8764,1.3396465
7728.5172,1.4005536
7730.1581,1.558192
7731.7992,1.5720387
7733.4405,1.4394795
7735.082,1.2023444
7736.7237,1.16913
7738.3655,1.0705555
7740.0075,1.0451828
7741.6497,0.95706429
7743.292,0.99704959
7744.9345,1.0056616
7746.5772,1.043031
7748.2201,0.96013824
7749.8631,0.90338851
7751.5063,0.69761842
7753.1497,0.62518092
7754.7933,0.60241587
7756.437,0.69468274
7758.081,0.69021684
7759.725,0.63869137
7761.3693,0.66298214
7763.0137,0.66374275
7764.6583,0.53116928
7766.3031,0.39336629
7767.9481,0.37843838
7769.5932,0.48899991
7771.2385,0.34073716
7772.884,0.12188542
7774.5297,-0.04729386
7776.1755,-0.028238599
7777.8215,0.14506428
7779.4677,0.21117686
7781.114,0.26944556
7782.7606,0.13163507
7784.4073,0.093170242
7786.0541,0.086077211
7787.7012,-0.00729108
7789.3484,-0.10850326
7790.9958,-0.1208273
7792.6434,-0.049491959
7794.2911,0.076744592
7795.939,-0.092444444
7797.5871,-0.13750249
7799.2354,-0.22177602
7800.8838,-0.1099709
7802.5325,0.041050113
7804.1813,0.079653039
7805.8302,0.1025699
7807.4794,-0.036604527
7809.1287,-0.013687241
7810.7782,0.090276008
7812.4278,0.22038326
7814.0777,0.089052814
7815.7277,-0.000447355
7817.3779,0.001555956
7819.0282,0.20486667
7820.6787,0.19379851
7822.3295,0.19841683
7823.9803,0.28146674
7825.6314,0.4089613
7827.2826,0.64103124
7828.934,0.59493146
7830.5856,0.63301489
7832.2374,0.70560834
7833.8893,0.72957455
7835.5414,0.83824685
7837.1937,0.97358603
7838.8461,1.0948078
7840.4987,1.2003435
7842.1515,1.1537225
7843.8045,1.2247488
7845.4576,1.3208733
7847.111,1.3652334
7848.7645,1.5068486
7850.4181,1.7237581
7852.072,1.838707
7853.726,1.8689503
7855.3802,1.9964486
7857.0345,2.0172805
7858.6891,2.1243872
7860.3438,2.1295332
7861.9987,2.1880129
7863.6537,2.2810025
7865.309,2.2720315
7866.9644,2.2128647
7868.62,2.2242863
7870.2757,2.2059043
7871.9317,2.0573263
7873.5878,2.0703172
7875.2441,2.1742887
7876.9005,2.1417898
7878.5571,2.0653696
7880.2139,2.0877731
7881.8709,2.0160592
7883.5281,1.9584631
7885.1854,2.0091025
7886.8429,2.0817029
7888.5006,2.0837154
7890.1584,2.110826
7891.8164,1.9638192
7893.4746,1.9124989
7895.133,1.9051004
7896.7916,1.8741727
7898.4503,1.9044217
7900.1092,2.0083963
7901.7682,2.0511947
7903.4275,2.0061502
7905.0869,2.0850275
7906.7465,2.1388069
7908.4063,2.1439591
7910.0662,2.2463664
7911.7263,2.3754406
7913.3866,2.4511817
7915.0471,2.5080994
7916.7077,2.6167821
7918.3685,2.7646807
7920.0295,2.851403
7921.6906,2.9616549
7923.352,3.1048482
7925.0135,3.1445123
7926.6752,3.1324119
7928.337,3.2332529
7929.999,3.2399765
7931.6613,3.2482689
7933.3236,3.3349929
7934.9862,3.4797563
7936.6489,3.5602063
7938.3118,3.7128132
7939.9749,3.9234597
7941.6381,3.9741063
7943.3016,4.054557
7944.9652,4.1804982
7946.6289,4.3660474
7948.2929,4.4057145
7949.957,4.5614602
7951.6213,4.6356375
7953.2857,4.6360895
7954.9504,4.6192869
7956.6152,4.7232687
7958.2802,4.8194076
7959.9454,4.906135
7961.6107,4.9975685
7963.2762,5.1501787
7964.9419,5.2274949
7966.6078,5.3895172
7968.2738,5.4354614
7969.94,5.6586606
7971.6064,5.8771542
7973.273,6.1066283
7974.9397,6.2561027
7976.6066,6.6408714
7978.2737,6.8828952
7979.9409,6.9915859
7981.6084,7.2163553
7983.276,7.5226935
7984.9437,7.7349142
7986.6117,7.9769391
7988.2798,8.4307289
7989.9481,8.8656954
7991.6166,9.3539954
7993.2852,9.840727
7994.9541,10.379224
7996.6231,10.913014
7998.2922,11.354256
7999.9616,11.732754
8001.6311,12.275957
8003.3008,12.7972
8004.9707,13.125501
8006.6407,13.725176
8008.3109,14.453478
8009.9813,15.104917
8011.6519,15.820671
8013.3226,16.77015
8014.9935,17.692963
8016.6646,18.648717
8018.3359,19.615452
8020.0073,20.789246
8021.6789,21.93951
8023.3507,23.240363
8025.0227,24.643178
8026.6948,26.069521
8028.3671,27.688806
8030.0396,29.717503
8031.7122,31.710122
8033.3851,33.985094
8035.0581,36.743204
8036.7312,39.499745
8038.4046,42.375502
8040.0781,45.395572
8041.7518,48.368585
8043.4257,51.217676
8045.0997,54.255002
8046.774,56.944093
8048.4484,59.446518
8050.1229,61.771688
8051.7977,63.976074
8053.4726,65.570265
8055.1477,66.968377
8056.823,68.217469
8058.4984,69.203033
8060.174,69.633302
8061.8498,70.336513
8063.5258,70.962861
8065.2019,71.146857
8066.8782,71.263402
8068.5547,71.710927
8070.2314,71.67061
8071.9082,71.385586
8073.5852,71.375073
8075.2624,71.551227
8076.9398,71.572087
8078.6173,71.522359
8080.295,71.312631
8081.9729,71.208001
8083.6509,71.032783
8085.3292,70.855997
8087.0076,70.516074
8088.6861,70.254582
8090.3649,69.792306
8092.0438,69.144933
8093.7229,68.290501
8095.4022,67.671363
8097.0816,66.970657
8098.7613,66.160147
8100.4411,65.202186
8102.121,64.107755
8103.8012,62.801559
8105.4815,61.526736
8107.162,60.044855
8108.8426,58.486111
8110.5235,56.863053
8112.2045,55.439212
8113.8857,53.947919
8115.5671,52.610353
8117.2486,51.399845
8118.9303,50.306985
8120.6122,49.160791
8122.2943,48.041264
8123.9765,47.050366
8125.6589,46.497114
8127.3415,45.937588
8129.0242,45.224337
8130.7072,44.76834
8132.3903,44.569599
8134.0736,43.983408
8135.757,43.331334
8137.4406,43.182789
8139.1245,43.057775
8140.8084,42.470015
8142.4926,41.879118
8144.1769,41.540771
8145.8614,41.028306
8147.5461,40.501724
8149.2309,40.128867
8150.9159,39.872089
8152.6011,39.684331
8154.2865,39.59226
8155.9721,39.319796
8157.6578,39.230862
8159.3437,38.895654
8161.0297,38.525936
8162.716,38.135826
8164.4024,37.927678
8166.089,37.716392
8167.7758,37.616479
8169.4627,37.381664
8171.1498,37.164104
8172.8371,36.847721
8174.5245,36.402711
8176.2122,36.01574
8177.9,35.802887
8179.588,35.566505
8181.2761,35.388162
8182.9645,35.170604
8184.653,35.089516
8186.3417,35.068037
8188.0305,35.095185
8189.7195,35.090961
8191.4087,34.95811
8193.0981,34.952318
8194.7877,34.918291
8196.4774,34.710146
8198.1673,34.672982
8199.8574,34.860131
8201.5476,34.849634
8203.238,34.876784
8204.9286,34.946288
8206.6194,34.838536
8208.3103,34.922158
8210.0015,35.002642
8211.6928,34.985872
8213.3842,35.10871
8215.0759,35.36645
8216.7677,35.413994
8218.4597,35.441146
8220.1518,35.45418
8221.8442,35.418588
8223.5367,35.326525
8225.2294,35.247011
8226.9222,35.2224
8228.6153,35.312298
8230.3085,35.347295
8232.0019,35.37288
8233.6954,35.376505
8235.3891,35.254639
8237.0831,34.841009
8238.7771,34.582674
8240.4714,34.305515
8242.1658,34.062866
8243.8604,33.834335
8245.5552,33.786196
8247.2501,33.501195
8248.9453,33.159724
8250.6406,32.86688
8252.336,32.586585
8254.0317,32.347075
8255.7275,32.008742
8257.4235,31.827271
8259.1197,31.583056
8260.816,31.338841
8262.5125,31.028743
8264.2092,30.615117
8265.9061,30.159138
8267.6031,29.605904
8269.3004,29.123258
8270.9978,28.621789
8272.6953,28.225419
8274.3931,27.769441
8276.091,27.387188
8277.7891,26.95474
8279.4873,26.617978
8281.1857,26.30004
8282.8844,26.032298
8284.5831,25.753576
8286.2821,25.498384
8287.9812,25.238486
8289.6805,25.052313
8291.38,24.757906
8293.0797,24.568597
8294.7795,24.409092
8296.4795,24.252724
8298.1797,24.043023
8299.88,23.889793
8301.5806,23.680093
8303.2813,23.471962
8304.9821,23.342262
8306.6832,23.214131
8308.3844,23.125216
8310.0858,23.088065
8311.7874,23.032092
8313.4891,22.787883
8315.191,22.714655
8316.8931,22.650839
8318.5954,22.508592
8320.2978,22.419678
8322.0004,22.373118
8323.7032,22.274793
8325.4062,22.033723
8327.1093,21.878928
8328.8126,21.710015
8330.5161,21.580319
8332.2198,21.392583
8333.9236,21.313083
8335.6276,21.27123
8337.3318,21.216828
8339.0362,21.129485
8340.7407,21.056261
8342.4454,21.02382
8344.1503,20.996086
8345.8553,20.949529
8347.5606,20.899834
8349.266,20.801512
8350.9715,20.696916
8352.6773,20.593889
8354.3832,20.506548
8356.0893,20.395678
8357.7956,20.441671
8359.502,20.468841
8361.2087,20.390912
8362.9155,20.240828
8364.6224,20.177018
8366.3296,20.1336
8368.0369,20.079202
8369.7444,20.005981
8371.4521,20.062956
8373.1599,20.207774
8374.8679,20.234946
8376.5761,20.219765
8378.2845,20.416348
8379.993,20.570579
8381.7017,20.555399
8383.4106,20.604532
8385.1197,20.630136
8386.8289,20.665152
8388.5383,20.651541
8390.2479,20.717931
8391.9576,20.765496
8393.6676,20.90718
8395.3777,20.989256
8397.088,21.061921
8398.7984,21.079683
8400.509,21.125682
8402.2198,21.209327
8403.9308,21.297679
8405.642,21.37505
8407.3533,21.530853
8409.0648,21.741558
8410.7765,21.878538
8412.4883,21.959048
8414.2003,22.146224
8415.9125,22.323989
8417.6249,22.545676
8419.3374,22.89599
8421.0502,23.269834
8422.7631,23.540149
8424.4761,23.970464
8426.1894,24.466661
8427.9028,24.9958
8429.6164,25.499841
8431.3301,26.060353
8433.0441,26.595767
8434.7582,26.968044
8436.4725,27.163066
8438.1869,27.428677
8439.9016,27.811935
8441.6164,27.986566
8443.3314,28.180021
8445.0465,28.660534
8446.7618,28.992028
8448.4773,29.321954
8450.193,29.69737
8451.9089,29.914355
8453.6249,29.958791
8455.3411,29.998522
8457.0575,30.094723
8458.774,30.281905
8460.4908,30.442421
8462.2077,30.620191
8463.9247,30.871687
8465.642,30.809458
8467.3594,30.764484
8469.077,30.932844
8470.7948,30.916106
8472.5127,30.675054
8474.2308,30.581454
8475.9491,30.329422
8477.6676,29.994253
8479.3862,29.704575
8481.105,29.589015
8482.824,29.379337
8484.5432,29.072404
8486.2625,28.672923
8487.982,28.372265
8489.7017,28.044941
8491.4216,27.607813
8493.1416,27.311862
8494.8618,27.015911
8496.5822,26.574078
8498.3028,26.194991
8500.0235,25.806491
8501.7444,25.43211
8503.4655,25.020082
8505.1867,24.606485
8506.9082,24.217987
8508.6298,24.045959
8510.3515,23.817461
8512.0735,23.516806
8513.7956,23.238113
8515.5179,22.959419
8517.2404,22.58504
8518.963,22.216935
8520.6859,22.084124
8522.4089,22.007785
8524.132,21.73223
8525.8554,21.624518
8527.5789,21.508963
8529.3026,21.256938
8531.0264,21.047266
8532.7505,21.088575
8534.4747,20.933805
8536.1991,20.746095
8537.9236,20.676031
8539.6484,20.648321
8541.3733,20.502964
8543.0984,20.301137
8544.8236,20.256173
8546.5491,20.107679
8548.2747,19.890166
8550.0005,19.644418
8551.7264,19.52416
8553.4526,19.336452
8555.1789,19.241293
8556.9053,19.133585
8558.632,19.050975
8560.3588,19.002875
8562.0858,18.967325
8563.813,18.8455
8565.5403,18.822499
8567.2679,18.783812
8568.9956,18.776497
8570.7234,18.737811
8572.4515,18.724222
8574.1797,18.729458
8575.9081,18.679791
8577.6367,18.722674
8579.3654,18.696537
8581.0943,18.631185
8582.8234,18.540735
8584.5527,18.423619
8586.2821,18.325326
8588.0117,18.328995
8589.7415,18.362467
8591.4715,18.339469
8593.2016,18.459217
8594.9319,18.530337
8596.6624,18.504202
8598.3931,18.482774
8600.1239,18.54762
8601.8549,18.406977
8603.5861,18.192608
8605.3175,18.142945
8607.049,18.094851
8608.7807,17.914992
8610.5126,17.874742
8612.2446,17.892531
8613.9769,17.783261
8615.7093,17.761835
8617.4418,17.851781
8619.1746,17.850748
8620.9075,17.849714
8622.6406,17.889465
8624.3739,17.886864
8626.1073,17.730537
8627.841,17.748327
8629.5748,17.712785
8631.3087,17.601949
8633.0429,17.556995
8634.7772,17.474395
8636.5117,17.341599
8638.2463,17.252724
8639.9812,17.225026
8641.7162,17.038897
8643.4514,16.939043
8645.1867,16.938013
8646.9223,16.856982
8648.658,16.722619
8650.3939,16.657275
8652.1299,16.643696
8653.8662,16.611294
8655.6026,16.462814
8657.3392,16.323746
8659.0759,16.29605
8660.8129,16.210316
8662.55,16.006934
8664.2872,15.97924
8666.0247,15.949976
8667.7623,15.84385
8669.5001,15.68596
8671.2381,15.645717
8672.9762,15.63371
8674.7146,15.540134
8676.4531,15.452832
8678.1917,15.395335
8679.9306,15.370779
8681.6696,15.198773
8683.4088,15.081669
8685.1482,15.063388
8686.8877,15.079618
8688.6274,15.008004
8690.3673,14.936391
8692.1074,14.933797
8693.8476,14.940616
8695.588,14.804689
8697.3286,14.787979
8699.0694,14.799504
8700.8103,14.691814
8702.5514,14.566868
8704.2927,14.517218
8706.0342,14.396979
8707.7758,14.264191
8709.5176,14.280423
8711.2596,14.207244
8713.0018,14.1623
8714.7441,14.153435
8716.4866,14.183786
8718.2293,14.113744
8719.9721,14.08135
8721.7152,14.088172
8723.4584,14.093426
8725.2017,13.963778
8726.9453,13.878051
8728.689,13.746835
8730.4329,13.722285
8732.177,13.63499
8733.9212,13.632402
8735.6656,13.692559
8737.4102,13.669579
8739.155,13.583854
8740.8999,13.540482
8742.6451,13.498679
8744.3904,13.422366
8746.1358,13.405662
8747.8815,13.354448
8749.6273,13.271861
8751.3733,13.247314
8753.1194,13.10512
8754.8658,13.05077
8756.6123,13.040341
8758.359,13.007952
8760.1058,12.919092
8761.8529,12.952585
8763.6001,12.918628
8765.3474,12.845455
8767.095,12.762871
8768.8427,12.739895
8770.5906,12.699664
8772.3387,12.695511
8774.087,12.688222
8775.8354,12.627599
8777.584,12.519918
8779.3328,12.496943
8781.0817,12.417498
8782.8308,12.22668
8784.5801,12.199
8786.3296,12.215241
8788.0793,12.148346
8789.8291,12.11596
8791.5791,12.163575
8793.3292,12.167268
8795.0796,12.133315
8796.8301,12.104067
8798.5808,12.082663
8800.3317,12.015769
8802.0827,11.939463
8803.8339,11.919628
8805.5853,11.796264
8807.3369,11.702705
8809.0886,11.714243
8810.8405,11.689703
8812.5926,11.613399
8814.3449,11.703369
8816.0973,11.749418
8817.8499,11.71233
8819.6027,11.717595
8821.3556,11.622468
8823.1088,11.575969
8824.8621,11.573392
8826.6155,11.559834
8828.3692,11.431767
8830.123,11.526445
8831.877,11.530143
8833.6312,11.436586
8835.3855,11.344599
8837.1401,11.338885
8838.8948,11.265722
8840.6496,11.081185
8842.4047,10.940571
8844.1599,10.970937
8845.9153,10.973068
8847.6709,10.948532
8849.4266,11.043213
8851.1825,11.112796
8852.9386,11.118065
8854.6949,11.126471
8856.4513,11.070564
8858.2079,11.03505
8859.9647,11.004241
8861.7217,10.934218
8863.4788,10.809292
8865.2361,10.754955
8866.9936,10.749245
8868.7513,10.751379
8870.5091,10.700179
8872.2671,10.703882
8874.0253,10.731115
8875.7837,10.701877
8877.5422,10.633423
8879.3009,10.591637
8881.0598,10.548282
8882.8188,10.519045
8884.578,10.455298
8886.3374,10.482532
8888.097,10.564668
8889.8568,10.596609
8891.6167,10.636392
8893.3768,10.607156
8895.1371,10.565372
8896.8975,10.517313
8898.6581,10.513176
8900.4189,10.444725
8902.1799,10.435882
8903.941,10.444295
8905.7024,10.493492
8907.4638,10.566219
8909.2255,10.595024
8910.9873,10.697555
8912.7494,10.804792
8914.5116,10.846147
8916.2739,10.826326
8918.0364,10.881799
8919.7992,10.888645
8921.562,10.820197
8923.3251,10.814494
8925.0883,10.851144
8926.8517,10.928579
8928.6153,10.894642
8930.3791,10.881096
8932.143,10.886375
8933.9071,10.855576
8935.6714,10.78556
8937.4358,10.844173
8939.2005,10.880825
8940.9653,10.876693
8942.7302,10.90864
8944.4954,10.934312
8946.2607,10.883122
8948.0262,10.831932
8949.7919,10.907801
8951.5577,10.886415
8953.3238,10.868167
8955.0899,10.937762
8956.8563,11.016769
8958.6229,10.973423
8960.3896,10.922235
8962.1565,10.896145
8963.9235,10.82927
8965.6908,10.74671
8967.4582,10.676698
8969.2258,10.587864
8970.9935,10.503735
8972.7615,10.504313
8974.5296,10.484499
8976.2979,10.390959
8978.0663,10.466832
8979.835,10.46741
8981.6038,10.37544
8983.3727,10.354058
8985.1419,10.32797
8986.9112,10.251687
8988.6807,10.189521
8990.4504,10.190101
8992.2203,10.069897
8993.9903,10.081457
8995.7605,10.10243
8997.5309,10.010461
8999.3014,9.8902578
9001.0721,9.8359368
9002.843,9.6969102
9004.6141,9.6237662
9006.3853,9.6133674
9008.1568,9.598263
9009.9284,9.5721784
9011.7001,9.5680548
9013.4721,9.5231471
9015.2442,9.5409847
9017.0165,9.5352932
9018.7889,9.5672488
9020.5616,9.62744
9022.3344,9.6609648
9024.1074,9.6615485
9025.8805,9.6840933
9027.6539,9.6642853
9029.4274,9.5864383
9031.2011,9.489768
9032.9749,9.4244705
9034.749,9.3670163
9036.5232,9.3738761
9038.2976,9.3948537
9040.0721,9.45191
9041.8468,9.4352409
9043.6217,9.3652388
9045.3968,9.3658251
9047.1721,9.3554312
9048.9475,9.2634689
9050.7231,9.3001343
9052.4989,9.2850352
9054.2748,9.2762108
9056.0509,9.2218964
9057.8272,9.2224842
9059.6037,9.1869937
9061.3804,9.2471898
9063.1572,9.2587586
9064.9342,9.3079747
9066.7113,9.2850341
9068.4887,9.3154271
9070.2662,9.2956242
9072.0439,9.2538607
9073.8218,9.230921
9075.5998,9.2707266
9077.378,9.2258265
9079.1564,9.2672011
9080.935,9.2097524
9082.7137,9.1585785
9084.4926,9.1089733
9086.2717,9.1001527
9088.0509,9.0332931
9089.8304,9.0511396
9091.61,9.0893785
9093.3898,9.1370293
9095.1697,9.1768372
9096.9498,9.2715473
9098.7302,9.2988066
9100.5106,9.3637132
9102.2913,9.3596004
9104.0721,9.3507819
9105.8531,9.3796107
9107.6343,9.4696162
9109.4156,9.3682493
9111.1972,9.4315885
9112.9788,9.5090456
9114.7607,9.4751303
9116.5428,9.4192545
9118.325,9.5280848
9120.1074,9.5427976
9121.8899,9.5763342
9123.6727,9.6334004
9125.4556,9.6763491
9127.2387,9.7851805
9129.022,9.8908747
9130.8054,9.9071575
9132.589,10.017558
9134.3728,10.143645
9136.1568,10.15836
9137.9409,10.182487
9139.7252,10.319555
9141.5097,10.390741
9143.2943,10.476044
9145.0792,10.489192
9146.8642,10.560378
9148.6494,10.604898
9150.4347,10.581968
9152.2202,10.634331
9154.006,10.729048
9155.7918,10.748471
9157.5779,10.824365
9159.3641,10.875161
9161.1505,10.921251
9162.9371,10.975185
9164.7238,11.135785
9166.5108,11.261876
9168.2979,11.452281
9170.0851,11.656804
9171.8726,11.866032
9173.6602,12.001536
9175.448,12.155863
9177.2359,12.297641
9179.0241,12.409616
9180.8124,12.556101
9182.6009,12.774743
9184.3896,12.899267
9186.1784,13.041047
9187.9674,13.200081
9189.7566,13.390488
9191.546,13.515014
9193.3355,13.69601
9195.1252,13.867594
9196.9151,14.017218
9198.7051,14.243705
9200.4954,14.507839
9202.2858,14.870797
9204.0764,15.196108
9205.8671,15.453968
9207.658,15.605162
9209.4492,15.768905
9211.2404,15.945197
9213.0319,16.085411
9214.8235,16.434253
9216.6153,16.808193
9218.4073,17.120956
9220.1994,17.286269
9221.9918,17.669622
9223.7842,18.054543
9225.5769,18.299856
9227.3698,18.636151
9229.1628,19.08068
9230.956,19.43423
9232.7493,19.528956
9234.5429,19.746035
9236.3366,20.022722
9238.1305,20.311959
9239.9246,20.610608
9241.7188,21.100629
9243.5132,21.615749
9245.3078,22.088515
9247.1026,22.550302
9248.8975,22.960324
9250.6926,23.384464
9252.4879,23.963899
9254.2833,24.515098
9256.079,25.056886
9257.8748,25.578281
9259.6708,26.170266
9261.4669,26.541074
9263.2632,26.842862
9265.0597,27.279553
9266.8564,27.768009
9268.6533,28.035288
9270.4503,28.592764
9272.2475,29.154945
9274.0449,29.488108
9275.8424,29.858918
9277.6401,30.198355
9279.438,30.497008
9281.2361,30.845858
9283.0344,31.088041
9284.8328,31.250224
9286.6314,31.639858
9288.4301,31.940081
9290.2291,32.196383
9292.0282,32.524841
9293.8275,32.9333
9295.6269,33.140975
9297.4266,33.254532
9299.2264,33.374364
9301.0264,33.625961
9302.8265,33.753637
9304.6269,33.969156
9306.4274,34.241145
9308.2281,34.337449
9310.0289,34.323949
9311.83,34.384175
9313.6312,34.314205
9315.4325,34.037176
9317.2341,33.890343
9319.0358,33.704295
9320.8377,33.301777
9322.6398,33.02318
9324.4421,32.848113
9326.2445,32.549125
9328.0471,32.093274
9329.8499,31.693894
9331.6528,31.369808
9333.4559,30.973566
9335.2592,30.619676
9337.0627,30.479121
9338.8663,30.360526
9340.6702,30.10703
9342.4742,29.790788
9344.2783,29.535724
9346.0827,29.137914
9347.8872,28.763634
9349.6919,28.419158
9351.4967,27.980565
9353.3018,27.545109
9355.107,27.221026
9356.9124,27.008316
9358.7179,26.728155
9360.5237,26.48721
9362.3296,26.174108
9364.1357,25.857869
9365.9419,25.533788
9367.7483,25.256765
9369.555,24.898174
9371.3617,24.738799
9373.1687,24.419424
9374.9758,24.038873
9376.7831,23.641067
9378.5906,23.505222
9380.3982,23.198396
9382.2061,23.034317
9384.0141,22.991021
9385.8222,22.971256
9387.6306,22.75698
9389.4391,22.654078
9391.2478,22.670391
9393.0567,22.435724
9394.8657,22.230862
9396.6749,22.109137
9398.4843,21.95447
9400.2939,21.664903
9402.1036,21.514943
9403.9136,21.343022
9405.7236,21.262082
9407.5339,21.110555
9409.3444,21.017066
9411.155,21.052205
9412.9658,21.019894
9414.7767,20.96719
9416.5878,20.970958
9418.3992,20.995117
9420.2106,20.929866
9422.0223,20.833241
9423.8341,20.648774
9425.6461,20.469013
9427.4583,20.259449
9429.2707,20.120472
9431.0832,20.008163
9432.8959,20.004089
9434.7088,19.962368
9436.5218,19.911236
9438.335,19.755006
9440.1484,19.702305
9441.962,19.691958
9443.7758,19.623572
9445.5897,19.541068
9447.4038,19.384839
9449.2181,19.227041
9451.0325,19.099048
9452.8471,18.982035
9454.6619,18.84463
9456.4769,18.779383
9458.292,18.728253
9460.1073,18.630065
9461.9228,18.615014
9463.7385,18.642316
9465.5543,18.614716
9467.3703,18.593392
9469.1865,18.556381
9471.0029,18.390743
9472.8194,18.278438
9474.6361,18.238291
9476.453,18.100889
9478.2701,17.910153
9480.0873,17.844908
9481.9047,17.801624
9483.7223,17.687753
9485.54,17.509567
9487.358,17.348637
9489.1761,17.209668
9490.9943,17.039326
9492.8128,16.804671
9494.6314,16.682957
9496.4502,16.664773
9498.2692,16.494432
9500.0883,16.300562
9501.9077,16.191398
9503.7272,16.102627
9505.5468,15.955816
9507.3667,15.852927
9509.1867,15.720235
9511.0069,15.579699
9512.8273,15.415635
9514.6478,15.260982
9516.4685,15.125153
9518.2894,15.056776
9520.1105,15.022908
9521.9317,14.973354
9523.7531,14.828114
9525.5747,14.784836
9527.3965,14.691361
9529.2184,14.597886
9531.0405,14.55304
9532.8628,14.437605
9534.6852,14.201386
9536.5079,14.074971
9538.3307,13.954831
9540.1537,13.826848
9541.9768,13.720826
9543.8001,13.655589
9545.6236,13.549567
9547.4473,13.44982
9549.2712,13.255956
9551.0952,13.2017
9552.9194,13.255679
9554.7438,13.143384
9556.5683,13.070305
9558.393,13.102324
9560.2179,13.096696
9562.043,12.916951
9563.8682,12.884657
9565.6937,12.868049
9567.5193,12.816932
9569.345,12.762678
9571.171,12.788424
9572.9971,12.754563
9574.8234,12.717564
9576.6498,12.627233
9578.4765,12.508666
9580.3033,12.468531
9582.1303,12.428396
9583.9574,12.301986
9585.7848,12.191263
9587.6123,12.158972
9589.44,12.081191
9591.2678,11.953214
9593.0958,11.999355
9594.924,11.946672
9596.7524,11.967715
9598.581,11.878955
9600.4097,11.819998
9602.2386,11.701434
9604.0677,11.644047
9605.8969,11.523915
9607.7264,11.557508
9609.556,11.534631
9611.3857,11.513323
9613.2157,11.460643
9615.0458,11.437766
9616.8761,11.356851
9618.7066,11.38574
9620.5372,11.293845
9622.368,11.29293
9624.199,11.191624
9626.0302,11.080905
9627.8615,11.009403
9629.693,10.992803
9631.5247,10.991889
9633.3566,10.943917
9635.1886,10.892808
9637.0208,10.847973
9638.8532,10.817257
9640.6858,10.700266
9642.5185,10.688373
9644.3514,10.698441
9646.1845,10.66302
9648.0178,10.563284
9649.8512,10.540412
9651.6848,10.459501
9653.5186,10.439766
9655.3525,10.398071
9657.1867,10.361082
9659.021,10.342917
9660.8554,10.384359
9662.6901,10.366195
9664.5249,10.297834
9666.3599,10.284375
9668.1951,10.234838
9670.0304,10.16491
9671.866,10.160863
9673.7017,10.208582
9675.5375,10.137085
9677.3736,10.142452
9679.2098,10.1337
9681.0462,10.038675
9682.8827,9.8918847
9684.7195,9.9098008
9686.5564,9.8194817
9688.3935,9.7291629
9690.2307,9.6843345
9692.0682,9.7116632
9693.9058,9.6668352
9695.7436,9.6047526
9697.5815,9.627376
9699.4197,9.5841173
9701.258,9.5957607
9703.0965,9.5666201
9704.9351,9.5123816
9706.774,9.5004963
9708.613,9.4446896
9710.4521,9.288491
9712.2915,9.2169985
9714.131,9.2004081
9715.9707,9.0630336
9717.8106,9.0040908
9719.6506,8.9718148
9721.4909,8.9348331
9723.3313,8.9339301
9725.1718,8.9596939
9727.0126,8.8991835
9728.8535,8.8857321
9730.6946,8.8597318
9732.5359,8.7803985
9734.3773,8.6822418
9736.2189,8.6327128
9738.0607,8.6145566
9739.9027,8.5289496
9741.7448,8.4135389
9743.5872,8.3232264
9745.4296,8.3113455
9747.2723,8.2116217
9749.1151,8.209153
9750.9582,8.3086453
9752.8013,8.3548045
9754.6447,8.383709
9756.4882,8.323202
9758.3319,8.2297539
9760.1758,8.1927767
9762.0199,8.1495252
9763.8641,8.0999993
9765.7085,8.0818463
9767.5531,8.120164
9769.3978,8.0580898
9771.2428,8.016408
9773.0879,8.0029616
9774.9331,7.9942214
9776.7786,7.8803833
9778.6242,7.823016
9780.47,7.8158451
9782.316,7.7380861
9784.1621,7.7152292
9786.0085,7.7080589
9787.855,7.716575
9789.7016,7.7031306
9791.5485,7.6410589
9793.3955,7.6150659
9795.2427,7.5859358
9797.09,7.5175903
9798.9376,7.4100292
9800.7853,7.3918802
9802.6332,7.3156921
9804.4813,7.2253867
9806.3295,7.2056696
9808.1779,7.2502665
9810.0265,7.2603538
9811.8752,7.3018139
9813.7242,7.2836663
9815.5733,7.223166
9817.4226,7.1391365
9819.272,7.1272641
9821.1217,7.0667644
9822.9715,7.0752846
9824.8214,7.0602756
9826.6716,7.0593844
9828.5219,7.0239836
9830.3724,7.018387
9832.2231,6.993967
9834.0739,7.0181747
9835.925,7.0125787
9837.7762,6.9175711
9839.6275,6.8727599
9841.4791,6.873439
9843.3308,6.8270595
9845.1827,6.7995038
9847.0348,6.78136
9848.887,6.7710596
9850.7394,6.7356614
9852.592,6.6830084
9854.4448,6.6272185
9856.2977,6.6090758
9858.1508,6.6050509
9860.0041,6.5131831
9861.8576,6.4275901
9863.7112,6.4000365
9865.565,6.3269929
9867.419,6.2664985
9869.2732,6.2891416
9871.1275,6.3008045
9872.982,6.2810951
9874.8367,6.3068761
9876.6916,6.24952
9878.5466,6.2047132
9880.4018,6.2226516
9882.2572,6.2076491
9884.1127,6.1738233
9885.9685,6.1698017
9887.8244,6.187741
9889.6804,6.1570531
9891.5367,6.1263654
9893.3931,6.090972
9895.2497,6.0351867
9897.1065,5.9997937
9898.9634,5.9659696
9900.8205,5.8584202
9902.6778,5.8842044
9904.5353,5.9272436
9906.393,5.9357733
9908.2508,5.9050875
9910.1088,5.8932255
9911.9669,5.8343048
9913.8253,5.7424431
9915.6838,5.7070523
9917.5425,5.6936225
9919.4013,5.6801928
9921.2604,5.618136
9923.1196,5.5905891
9924.979,5.5175523
9926.8385,5.4805941
9928.6983,5.4687341
9930.5582,5.4066783
9932.4182,5.397956
9934.2785,5.3751163
9936.1389,5.3099239
9937.9995,5.2761042
9939.8603,5.3175789
9941.7213,5.2900342
9943.5824,5.2232739
9945.4437,5.2145531
9947.3052,5.2026953
9949.1668,5.1782887
9951.0286,5.1068234
9952.8906,5.1420251
9954.7528,5.1254622
9956.6152,5.0853701
9958.4777,5.042141
9960.3404,5.0365592
9962.2032,4.9698011
9964.0663,4.9736314
9965.9295,4.9162855
9967.7929,4.9028614
9969.6565,4.8596335
9971.5202,4.9105235
9973.3841,4.8531785
9975.2482,4.849167
9977.1125,4.8577047
9978.9769,4.8317328
9980.8415,4.7508591
9982.7063,4.7484171
9984.5713,4.7271517
9986.4364,4.7137297
9988.3017,4.6736412
9990.1672,4.6225726
9992.0328,4.5652296
9993.8987,4.4969065
9995.7647,4.439564
9997.6308,4.3963393
9999.4972,4.3562521
10001.364,4.3318514
10003.23,4.3184313
10005.097,4.3112859
10006.964,4.3072779
10008.832,4.3158192
10010.699,4.3039686
10012.567,4.2780005
10014.434,4.2175229
10016.302,4.2307709
10018.17,4.2016662
10020.039,4.1647186
10021.907,4.1732614
10023.776,4.1629808
10025.644,4.1683868
10027.513,4.1628125
10029.383,4.1399836
10031.252,4.1485275
10033.121,4.0755029
10034.991,3.9648315
10036.861,3.8823956
10038.731,3.8438814
10040.601,3.7787008
10042.471,3.7464616
10044.342,3.737752
10046.213,3.7525721
10048.084,3.7438629
10049.955,3.772801
10051.826,3.7578178
10053.697,3.7647956
10055.569,3.7607931
10057.441,3.726987
10059.312,3.6994556
10061.185,3.6813361
10063.057,3.6538051
10064.929,3.6215685
10066.802,3.5422732
10068.675,3.4959193
10070.548,3.4448597
10072.421,3.4173298
10074.294,3.4180354
10076.168,3.423447
10078.041,3.3770942
10079.915,3.3872122
10081.789,3.3643892
10083.663,3.3023507
10085.538,3.3046262
10087.412,3.2425881
10089.287,3.1978052
10091.162,3.2063558
10093.037,3.2007889
10094.912,3.1434576
10096.788,3.1441657
10098.663,3.0962466
10100.539,3.046759
10102.415,2.9643305
10104.291,2.9179807
10106.167,2.8669251
10108.044,2.8801835
10109.92,2.8557951
10111.797,2.83925
10113.674,2.8023129
10115.551,2.8030231
10117.429,2.7707924
10119.306,2.6946403
10121.184,2.687508
10123.062,2.7101798
10124.94,2.6340284
10126.818,2.630034
10128.696,2.6448633
10130.575,2.6534184
10132.453,2.6070717
10134.332,2.5999409
10136.211,2.6053593
10138.091,2.5448956
10139.97,2.514236
10141.85,2.4647531
10143.729,2.4372312
10145.609,2.3642193
10147.489,2.3712077
10149.37,2.3342746
10151.25,2.3349889
10153.131,2.3466837
10155.012,2.3317121
10156.893,2.3198779
10158.774,2.2986322
10160.655,2.3338573
10162.537,2.3032003
10164.418,2.2945043
10166.3,2.2340437
10168.182,2.1437795
10170.064,2.0707703
10171.947,2.0526634
10173.829,1.990635
10175.712,1.9552736
10177.595,1.9512849
10179.478,1.9676886
10181.361,1.8789944
10183.245,1.809124
10185.128,1.8208225
10187.012,1.7666388
10188.896,1.7030435
10190.78,1.7367034
10192.664,1.8064419
10194.549,1.7977492
10196.434,1.8423901
10198.318,1.8619331
10200.203,1.8406921
10202.089,1.803765
10203.974,1.7793871
10205.859,1.7675585
10207.745,1.6898477
10209.631,1.6764508
10211.517,1.6191326
10213.403,1.5775009
10215.29,1.5797909
10217.176,1.5428655
10219.063,1.5420187
10220.95,1.5348977
10222.837,1.5120905
10224.724,1.4626169
10226.612,1.4900063
10228.499,1.4154351
10230.387,1.3722366
10232.275,1.3698227
10234.163,1.3109384
10236.051,1.2802896
10237.94,1.2747391
10239.828,1.3036985
10241.717,1.2636386
10243.606,1.261226
10245.495,1.2588135
10247.385,1.2250287
10249.274,1.183401
10251.164,1.1605971
10253.054,1.1393619
10254.944,1.1008721
10256.834,1.0937551
10258.725,1.0850696
10260.615,1.0669726
10262.506,1.0347581
10264.397,0.99470071
10266.288,0.97817294
10268.179,0.94752774
10270.071,0.95609844
10271.962,0.95996347
10273.854,0.99990714
10275.746,0.98024317
10277.638,0.97783433
10279.53,0.91738647
10281.423,0.89615452
10283.315,0.81688356
10285.208,0.74388732
10287.101,0.722656
10288.994,0.71867979
10290.888,0.70215478
10292.781,0.67151232
10294.675,0.69106616
10296.569,0.7153261
10298.463,0.68154702
10300.357,0.70267012
10302.252,0.73791108
10304.146,0.74648559
10306.041,0.67819756
10307.936,0.65853719
10309.831,0.62475939
10311.726,0.55960925
10313.622,0.54308677
10315.517,0.57048607
10317.413,0.56180715
10319.309,0.49195198
10321.205,0.47229309
10323.101,0.44479128
10324.998,0.38277987
10326.895,0.37410201
10328.791,0.38424789
10330.688,0.35674692
10332.586,0.35591283
10334.483,0.31115739
10336.38,0.26483353
10338.278,0.22949027
10340.176,0.19728447
10342.074,0.17292203
10343.972,0.1313049
10345.871,0.10537425
10347.769,0.11709087
10349.668,0.14449398
10351.567,0.085622791
10353.466,0.12557534
10355.365,0.10748889
10357.265,0.036069313
10359.164,0.024257792
10361.064,0.003034719
10362.964,-0.043286183
10364.864,-0.006469618
10366.765,0.011523629
10368.665,-0.004992717
10370.566,0.016985155
10372.467,0.046807604
10374.368,0.043690316
10376.269,0.064103878
10378.17,0.046871821
10380.072,0.061013752
10381.974,0.062608103
10383.875,0.029694088
10385.777,0.006193278
10387.68,-0.006101612
10389.582,-0.00719058
10391.485,-0.025084832
10393.387,-0.027291371
10395.29,-0.036219159
10397.193,-0.010411615
10399.097,-0.002529802
10401,-0.003610136
10402.904,0.014358589
10404.808,0.030087856
10406.712,0.011084669
10408.616,0.044743986
10410.52,0.001093817
10412.425,0.020190186
10414.329,0.006794996
10416.234,-0.024525925
10418.139,-0.03567734
10420.044,-0.015454767
10421.95,-0.015398821
10423.855,0.019392457
10425.761,0.008246798
10427.667,0.009427509
10429.573,0.007248315
10431.479,0.040924901
10433.386,0.024182758
10435.292,-0.007123771
10437.199,-0.020501691
10439.106,-0.023794138
10441.013,-0.01251932
10442.92,0.023406798
10444.828,-0.009012984
10446.735,-0.017901915
10448.643,0.00570359
10450.551,0.003540226
10452.459,-0.018789766
10454.368,0.001458712
10456.276,-0.015266161
10458.185,0.010587436
10460.094,-0.008375455
10462.003,-0.039661836
10463.912,-0.046296919
10465.821,-0.029121615
10467.731,-0.023149839
10469.641,-0.040706522
10471.551,-0.078430318
10473.461,-0.042203581
10475.371,0.000746799
10477.281,0.00224155
10479.192,-0.022033054
10481.103,-0.055270289
10483.014,-0.008954751
10484.925,0.003748296
10486.836,0.00188647
10488.747,-0.017901573
10490.659,-0.015279699
10492.571,0.037763297
10494.483,0.045989319
10496.395,0.023964194
10498.307,0.054601086
10500.22,0.014650697
10502.133,0.009435156
10504.045,0.007581912
10505.958,0.004609173
10507.872,0.04981666
10509.785,0.055809415
10511.699,0.052839537
10513.612,0.071159128
10515.526,0.053625331
10517.44,0.073067278
10519.355,0.052174044
10521.269,0.012234144
10523.184,0.004788195
10525.098,-0.011620386
10527.013,-0.003378153
10528.929,0.013828619
10530.844,0.022072759
10532.759,0.0314383
10534.675,0.053129726
10536.591,0.060256278
10538.507,0.050577061
10540.423,0.071150899
10542.339,0.073798519
10544.256,0.051797233
10546.172,0.053326313
10548.089,0.019002004
10550.006,0.001485371
10551.924,0.015342241
10553.841,-0.014497414
10555.759,0.000481811
10557.676,-0.002465181
10559.594,0.000191022
10561.512,0.015173108
10563.431,0.01671077
10565.349,0.038417452
10567.268,0.075811362
10569.186,0.10536309
10571.105,0.12595218
10573.024,0.12973551
10574.944,0.16265144
10576.863,0.20341146
10578.783,0.2385702
10580.703,0.22443017
10582.623,0.24278409
10584.543,0.24881403
10586.463,0.23355641
10588.384,0.24182916
10590.304,0.24338017
10592.225,0.24605259
10594.146,0.27561671
10596.068,0.25812296
10597.989,0.29441168
10599.911,0.34862852
10601.832,0.3837987
10603.754,0.41224715
10605.676,0.44741923
10607.599,0.48371272
10609.521,0.53681388
10611.444,0.58431376
10613.366,0.59596025
10615.289,0.63785979
10617.213,0.71225328
10619.136,0.73286622
10621.059,0.79157534
10622.983,0.83235825
10624.907,0.87314211
10626.831,0.92064962
10628.755,0.93342418
10630.679,0.92379074
10632.604,0.99483051
10634.529,1.0513054
10636.454,1.1010586
10638.379,1.1541741
10640.304,1.2397835
10642.229,1.2996235
10644.155,1.3527419
10646.081,1.355441
10648.006,1.3738273
10649.933,1.3776488
10651.859,1.3657849
10653.785,1.3673674
10655.712,1.3667099
10657.639,1.4119918
10659.566,1.4348657
10661.493,1.4174043
10663.42,1.4514846
10665.348,1.4866862
10667.275,1.507323
10669.203,1.5167563
10671.131,1.5317927
10673.059,1.5726004
10674.988,1.5674707
10676.916,1.5679441
10678.845,1.5874662
10680.774,1.601387
10682.703,1.5794543
10684.632,1.5227888
10686.562,1.5098216
10688.491,1.5853708
10690.421,1.5847305
10692.351,1.5515982
10694.281,1.5061419
10696.211,1.5323952
10698.142,1.5272769
10700.072,1.480703
10702.003,1.4195642
10703.934,1.3595469
10705.865,1.3365052
10707.797,1.3313917
10709.728,1.2601727
10711.66,1.2326521
10713.592,1.1547124
10715.524,1.1070256
10717.456,1.0985556
10719.388,1.0295822
10721.321,0.97965746
10723.253,0.98015382
10725.186,0.97392844
10727.119,0.99011298
10729.053,0.97940772
10730.986,0.945174
10732.92,0.95687961
10734.853,0.93161139
10736.787,0.88617605
10738.721,0.85194614
10740.656,0.84012615
10742.59,0.76556202
10744.525,0.73021453
10746.46,0.71279516
10748.395,0.67520868
10750.33,0.66339346
10752.265,0.59555678
10754.201,0.57702078
10756.136,0.5786538
10758.072,0.55003567
10760.008,0.53486387
10761.944,0.51633168
10763.881,0.51012538
10765.817,0.5240881
10767.754,0.49099294
10769.691,0.47246457
10771.628,0.49203239
10773.565,0.50599892
10775.503,0.52556864
10777.44,0.48351467
10779.378,0.5030863
10781.316,0.48008186
10783.254,0.50749853
10785.192,0.50242317
10787.131,0.4682171
10789.069,0.47322768
10791.008,0.46479383
10792.947,0.4742881
10794.886,0.47369929
10796.826,0.45854561
10798.765,0.45459737
10800.705,0.40807305
10802.645,0.37947685
10804.585,0.44051746
10806.525,0.42200721
10808.465,0.45503852
10810.406,0.42644614
10812.347,0.40793874
10814.288,0.43425023
10816.229,0.39333578
10818.17,0.36250631
10820.111,0.34176184
10822.053,0.34454772
10823.995,0.38094801
10825.937,0.36804953
10827.879,0.37195873
10829.821,0.39827784
10831.764,0.38090043
10833.706,0.42066683
10835.649,0.34950982
10837.592,0.34109885
10839.535,0.36182049
10841.479,0.33324337
10843.422,0.35956916
10845.366,0.37469142
10847.31,0.33155133
10849.254,0.36908446
10851.198,0.32594627
10853.142,0.33098832
10855.087,0.33379041
10857.032,0.3141845
10858.977,0.29009775
10860.922,0.26265061
10862.867,0.25985428
10864.812,0.28282922
10866.758,0.23969866
10868.704,0.27275954
10870.65,0.26772613
10872.596,0.27389815
10874.542,0.31032323
10876.489,0.29857
10878.435,0.27561323
10880.382,0.28515041
10882.329,0.25883421
10884.276,0.26277106
10886.224,0.22973407
10888.171,0.21462521
10890.119,0.18159013
10892.067,0.17208542
10894.015,0.17602704
10895.963,0.14747662
10897.911,0.13237252
10899.86,0.12847386
10901.809,0.11113078
10903.758,0.10163179
10905.707,0.094374647
10907.656,0.11625011
10909.605,0.11795846
10911.555,0.090536114
10913.505,0.088885027
10915.455,0.069307723
10917.405,0.083344818
10919.355,0.085057937
10921.306,0.031870048
10923.256,0.064957623
10925.207,0.086841669
10927.158,0.10760622
10929.109,0.10932411
10931.061,0.1099225
10933.012,0.1374126
10934.964,0.14585604
10936.916,0.12516877
10938.868,0.13697546
10940.82,0.12749459
10942.773,0.13370094
10944.725,0.12870377
10946.678,0.1203462
10948.631,0.12767587
10950.584,0.099152141
10952.537,0.075111162
10954.491,0.044348447
10956.444,0.038236547
10958.398,0.03772784
10960.352,0.028256502
10962.306,0.02326791
10964.26,0.012678031
10966.215,0.005450449
10968.17,0.007187407
10970.124,0.031334282
10972.079,0.053241214
10974.035,0.040415207
10975.99,0.054480909
10977.946,0.096558769
10979.901,0.10502414
10981.857,0.10340643
10983.813,0.080501152
10985.769,0.05871728
10987.726,0.063825118
10989.682,0.04428405
10991.639,-0.00326727
10993.596,0.011927463
10995.553,0.023761804
10997.511,0.044560685
10999.468,0.042951555
11001.426,-0.001233652
11003.383,0.017327193
11005.341,0.063900196
11007.3,0.060053984
11009.258,0.065172311
11011.216,0.057966662
11013.175,0.058605104
11015.134,0.072689878
11017.093,0.036355437
11019.052,0.004503742
11021.011,-0.007178932
11022.971,-0.009897067
11024.931,-0.003650663
11026.891,-0.018691821
11028.851,0.005483662
11030.811,0.030780545
11032.771,0.024705834
11034.732,0.023113868
11036.693,0.049534061
11038.654,0.032257728
11040.615,0.040752657
11042.576,0.039164506
11044.537,0.01852969
11046.499,0.015822998
11048.461,-0.013773497
11050.423,-0.0052738
11052.385,-0.029266147
11054.347,-0.042053058
11056.31,-0.0032984
11058.273,-0.020565197
11060.235,-0.009819836
11062.198,0.03117858
11064.162,-0.037625973
11066.125,-0.001107443
11068.089,0.006280388
11070.052,-0.055798615
11072.016,0.000890843
11073.98,0.00492019
11075.945,-0.010097128
11077.909,0.015222641
11079.874,-0.005395011
11081.838,-0.014807228
11083.803,0.026201677
11085.768,0.007827782
11087.734,0.005141115
11089.699,-0.016592218
11091.665,0.008734227
11093.631,-0.017478992
11095.597,-0.022735299
11097.563,-0.032472674
11099.529,-0.054534252
11101.496,-0.039620316
11103.462,-0.021344309
11105.429,-0.026596989
11107.396,0.002884951
11109.363,-0.000125381
11111.331,0.01031039
11113.298,0.016265095
11115.266,0.009895595
11117.234,0.009129061
11119.202,0.006122357
11121.17,0.012079963
11123.139,0.018038296
11125.107,-0.004013851
11127.076,0.025475344
11129.045,-0.004418489
11131.014,0.007144987
11132.983,0.032154566
11134.953,0.020190081
11136.923,0.056405593
11138.892,0.023154043
11140.862,0.022396216
11142.833,0.085504661
11144.803,0.070182459
11146.773,0.041415605
11148.744,0.048503817
11150.715,0.02197931
11152.686,0.06268242
11154.657,0.018232193
11156.629,-0.036301342
11158.6,-0.048257121
11160.572,-0.05012814
11162.544,-0.064323364
11164.516,-0.065072484
11166.488,-0.063579982
11168.461,-0.041918687
11170.433,-0.02473846
11172.406,-0.026605126
11174.379,-0.020627929
11176.352,-0.005686421
11178.325,0.01037626
11180.299,-0.009414674
11182.272,0.00552901
11184.246,0.039521039
11186.22,0.048863934
11188.194,0.083977862
11190.169,0.074274589
11192.143,0.082499212
11194.118,0.10641084
11196.093,0.11127557
11198.068,0.089250264
11200.043,0.084032412
11202.019,0.066490355
11203.994,0.05679216
11205.97,0.047094692
11207.946,0.058686464
11209.922,0.008654312
11211.898,-0.002161429
11213.875,0.006071176
11215.851,-0.014827147
11217.828,0.01693632
11219.805,0.00164169
11221.782,-0.010290871
11223.759,0.01699298
11225.737,-0.003901715
11227.715,0.012179106
11229.692,-0.004232345
11231.67,-0.004956796
11233.649,0.029053372
11235.627,0.012644098
11237.605,0.045535269
11239.584,0.077306717
11241.563,0.050815586
11243.542,0.064661314
11245.521,0.026967152
11247.501,0.031850747
11249.48,0.033373722
11251.46,-0.02448633
11253.44,-0.050973108
11255.42,-0.031520786
11257.4,0.002498089
11259.381,0.035397242
11261.361,0.02459964
11263.342,0.044054865
11265.323,0.063510816
11267.304,0.09081063
11269.286,0.084497723
11271.267,0.044572097
11273.249,0.030417505
11275.231,0.003938708
11277.213,0.011074082
11279.195,0.01933063
11281.177,-0.009386886
11283.16,-0.036983229
11285.142,-0.030965401
11287.125,-0.015983262
11289.108,0.013565429
11291.092,0.002778712
11293.075,-0.005957727
11295.059,0.003233714
11297.042,0.011305415
11299.026,-0.018717413
11301.01,-0.022969224
11302.995,-0.035063463
11304.979,-0.057241027
11306.964,-0.046924886
11308.949,-0.037728484
11310.934,-0.018447339
11312.919,0.000834514
11314.904,0.00555125
11316.89,0.002425557
11318.875,0.032914019
11320.861,0.033151088
11322.847,0.015461695
11324.833,0.025784215
11326.82,0.042830134
11328.806,0.043070038
11330.793,0.041069755
11332.78,0.004336287
11334.767,0.005698766
11336.754,0.010423298
11338.742,0.018509883
11340.729,0.023235832
11342.717,0.014517113
11344.705,-0.003164484
11346.693,0.000443144
11348.681,-0.001550761
11350.67,0.003178733
11352.658,-0.017861373
11354.647,-0.041141667
11356.636,-0.049855426
11358.625,-0.020473237
11360.615,-0.002294822
11362.604,0.014763854
11364.594,0.036305031
11366.584,0.018631231
11368.574,0.041294274
11370.564,0.052753544
11372.554,0.028359181
11374.545,0.031976731
11376.535,-0.005861592
11378.526,-0.019049347
11380.517,0.003617948
11382.509,-0.001725252
11384.5,-0.012669984
11386.492,0.013360782
11388.483,0.039392257
11390.475,0.038533685
11392.468,0.021989547
11394.46,0.028975529
11396.452,0.000107878
11398.445,0.036226931
11400.438,0.002878905
11402.431,-0.046154686
11404.424,-0.005551715
11406.417,-0.001922825
11408.411,0.015152153
11410.404,0.033348287
11412.398,4.51E-06
11414.392,0.02156341
11416.387,0.009509569
11418.381,-0.018229837
11420.375,-0.004511952
11422.37,-0.034490837
11424.365,-0.034216912
11426.36,-0.037303623
11428.355,-0.045991867
11430.351,0.005824801
11432.346,0.004981112
11434.342,-0.016029935
11436.338,-0.01463131
11438.334,-0.015472872
11440.331,0.003854342
11442.327,-0.010495336
11444.324,-0.036048988
11446.321,-0.011181964
11448.318,0.011444672
11450.315,0.021746885
11452.312,0.02308602
11454.31,0.031148352
11456.307,0.049295225
11458.305,0.027106471
11460.303,-0.006286257
11462.301,-0.034076236
11464.3,-0.048420329
11466.298,-0.026909574
11468.297,-0.031168618
11470.296,-0.048872533
11472.295,-0.015035324
11474.294,0.006477462
11476.294,0.021268067
11478.293,0.038300076
11480.293,0.025080492
11482.293,0.036511275
11484.293,0.038978981
11486.293,0.029122264
11488.294,0.031590985
11490.295,0.016133043
11492.295,-0.010528873
11494.296,-0.015901767
11496.298,-0.042562668
11498.299,-0.034489168
11500.3,-0.02641516
11502.302,-0.018340645
11504.304,0.006541101
11506.306,0.047109629
11508.308,0.057426563
11510.311,0.062141765
11512.313,0.060134785
11514.316,0.045803382
11516.319,0.075169967
11518.322,0.060839579
11520.325,0.061075526
11522.329,0.094925426
11524.332,0.092921492
11526.336,0.17719258
11528.34,0.21216445
11530.344,0.18215083
11532.349,0.20367834
11534.353,0.16246126
11536.358,0.15933992
11538.363,0.17862805
11540.368,0.12284667
11542.373,0.14885851
11544.378,0.117728
11546.384,0.12245234
11548.389,0.16527242
11550.395,0.16327509
11552.401,0.14783288
11554.407,0.1234276
11556.414,0.092300134
11558.42,0.10711155
11560.427,0.095032722
11562.434,0.1109656
11564.441,0.098887789
11566.448,0.108099
11568.456,0.099383542
11570.464,0.10299352
11572.471,0.11108581
11574.479,0.13934667
11576.487,0.14856041
11578.496,0.10959539
11580.504,0.13785777
11582.513,0.15715708
11584.522,0.17309554
11586.531,0.16326421
11588.54,0.13438576
11590.549,0.13575993
11592.559,0.14833908
11594.569,0.13514843
11596.578,0.12868098
11598.588,0.06283028
11600.599,0.049641155
11602.609,0.035332088
11604.62,-0.004746778
11606.63,-0.008970795
11608.641,-0.038964613
11610.652,0.008353002
11612.664,0.001889611
11614.675,0.039124207
11616.687,0.051709451
11618.699,0.03516355
11620.711,0.076881461
11622.723,0.06369792
11624.735,0.03594906
11626.748,0.070945806
11628.76,0.057763787
11630.773,0.072593481
11632.786,0.067255615
11634.799,0.058556912
11636.813,0.071147232
11638.826,0.031076996
11640.84,0.036945642
11642.854,0.013683143
11644.868,-0.018542433
11646.882,-0.010431367
11648.897,-0.043776376
11650.911,-0.047989225
11652.926,-0.058924256
11654.941,-0.083304157
11656.956,-0.027011281
11658.971,-0.033462996
11660.987,-0.028709721
11663.002,-0.008269664
11665.018,-0.014719856
11667.034,0.00348032
11669.05,0.002633384
11671.067,-0.03742873
11673.083,-0.012504342
11675.1,-0.04136096
11677.117,-0.057892139
11679.134,-0.050893399
11681.151,-0.02036474
11683.168,-0.029051259
11685.186,-0.03213503
11687.203,0.014081427
11689.221,0.027805394
11691.239,0.044891213
11693.258,0.040689025
11695.276,0.020801069
11697.295,0.033406619
11699.313,0.037049091
11701.332,0.010439969
11703.352,0.03649242
11705.371,0.02445014
11707.39,0.02361285
11709.41,0.041823686
11711.43,0.045469204
11713.45,0.062560607
11715.47,0.043798176
11717.49,0.01495222
11719.511,0.010756631
11721.531,0.005441101
11723.552,0.004607872
11725.573,0.002654702
11727.595,-0.009381994
11729.616,-0.012454596
11731.637,-0.021128932
11733.659,-0.019718727
11735.681,-0.013826221
11737.703,-0.007933208
11739.725,0.001321658
11741.748,-0.006229692
11743.77,-0.014978772
11745.793,-0.008041076
11747.816,-0.002223328
11749.839,-0.031138972
11751.863,-0.023079325
11753.886,-0.021741867
11755.91,-0.009199426
11757.934,0.017909343
11759.958,0.018127856
11761.982,0.026190007
11764.006,0.060022967
11766.031,0.033352227
11768.055,0.03581364
11770.08,0.031552866
11772.105,0.008244973
11774.13,0.02863506
11776.156,0.017653098
11778.181,0.025719257
11780.207,0.018099643
11782.233,0.004878288
11784.259,-0.000499428
11786.285,-0.001394851
11788.312,-0.012373807
11790.338,-0.012147779
11792.365,-0.010800803
11794.392,0.019678327
11796.419,0.003099135
11798.446,0.032458818
11800.474,0.050614521
11802.502,0.032916383
11804.529,0.069000259
11806.557,0.05914626
11808.586,0.017920213
11810.614,0.066330522
11812.642,0.007178306
11814.671,-0.001553241
11816.7,0.008763332
11818.729,-0.048146484
11820.758,-0.013179049
11822.788,-0.021908592
11824.817,-0.020553601
11826.847,0.023378922
11828.877,0.01577133
11830.907,0.031693651
11832.937,0.012882579
11834.968,-0.021614266
11836.998,0.005514039
11839.029,-0.026740908
11841.06,-0.024261461
11843.091,-0.01729972
11845.123,-0.022964131
11847.154,0.009467075
11849.186,0.008285214
11851.218,0.011585525
11853.25,0.007043078
11855.282,0.009223699
11857.314,-0.006522472
11859.347,-0.016666023
11861.379,0.010165594
11863.412,-0.010061232
11865.445,-0.014601406
11867.478,0.008870005
11869.512,-0.013596582
11871.545,-0.002449343
11873.579,-0.005867552
11875.613,-0.02945345
11877.647,-0.010461937
11879.681,0.01749354
11881.716,0.047690292
11883.75,0.033069496
11885.785,0.047580732
11887.82,0.067694587
11889.855,0.041870447
11891.891,0.063105508
11893.926,0.017114058
11895.962,-0.016552083
11897.998,0.010286357
11900.034,-0.014415441
11902.07,0.003460172
11904.106,0.042624678
11906.143,0.025767155
11908.18,0.047005248
11910.216,0.022305346
11912.253,0.032339716
11914.291,0.040133568
11916.328,0.006471217
11918.366,0.009784035
11920.403,-0.013793525
11922.441,0.006326774
11924.479,0.015242969
11926.518,-0.019537935
11928.556,-0.012861878
11930.595,-0.003944545
11932.634,-0.00959266
11934.673,0.003807224
11936.712,-0.02873089
11938.751,-0.0142098
11940.791,-0.003049676
11942.83,0.002508586
11944.87,-0.026666667
11946.91,-0.033504261
11948.95,-0.020173416
11950.991,-0.010203542
11953.031,0.004248497
11955.072,-0.020514777
11957.113,-0.023989163
11959.154,0.0184752
11961.195,0.010519767
11963.236,0.035057704
11965.278,0.046150636
11967.32,0.021389599
11969.362,0.071698963
11971.404,0.039095535
11973.446,0.056912647
11975.489,0.041116687
11977.531,-0.006051449
11979.574,0.003923645
11981.617,-0.028677919
11983.66,-0.033267905
11985.704,-0.010966763
11987.747,-0.021158245
11989.791,-0.004458598
11991.835,-0.013528885
11993.879,-0.008032974
11995.923,-0.001416242
11997.967,-0.021689893
12000.012,-0.013951967
12002.056,-0.052152043
12004.101,-0.015281718
12006.146,0.019348083
12008.192,-0.018850875
12010.237,0.015779672
12012.283,0.016797147
12014.328,0.031260372
12016.374,0.051326211
12018.42,0.015370014
12020.467,0.00406405
12022.513,-0.000518852
12024.56,-0.002860485
12026.607,0.007123185
12028.654,-0.012024425
12030.701,-0.006521802
12032.748,-0.012223288
12034.796,-0.019044849
12036.843,0.011108752
12038.891,-0.004675649
12040.939,-0.004773402
12042.987,-0.014954817
12045.036,-0.018413169
12047.084,-0.012907563
12049.133,-0.003649865
12051.182,-0.001114544
12053.231,-0.01874698
12055.28,-0.013970142
12057.33,-0.001349856
12059.379,-0.002174637
12061.429,0.030614338
12063.479,0.024187938
12065.529,-0.005767564
12067.579,0.034865481
12069.63,-0.010775673
12071.681,0.001846789
12073.731,0.004385528
12075.782,-0.024447972
12077.834,0.007223042
12079.885,0.00528092
12081.936,0.005580006
12083.988,0.030529263
12086.04,0.025226729
12088.092,0.013201818
12090.144,0.03591111
12092.197,0.019405027
12094.249,0.038753597
12096.302,0.031211721
12098.355,0.042717775
12100.408,0.049742347
12102.461,0.064610368
12104.515,0.060431079
12106.568,0.050649861
12108.622,0.074482399
12110.676,0.078147181
12112.73,0.07172824
12114.784,0.087718573
12116.839,0.080179805
12118.893,0.068159555
12120.948,0.050537375
12123.003,0.014988335
12125.058,0.016414396
12127.114,0.03464749
12129.169,0.017026554
12131.225,0.04086251
12133.281,0.06357833
12135.337,0.080692219
12137.393,0.10340866
12139.45,0.10371645
12141.506,0.11186768
12143.563,0.1076943
12145.62,0.090075851
12147.677,0.088143986
12149.734,0.086212432
12151.792,0.073076707
12153.849,0.08010936
12155.907,0.042324396
12157.965,0.061682601
12160.023,0.079920668
12162.081,0.072388737
12164.14,0.089506978
12166.199,0.11334822
12168.257,0.10133543
12170.316,0.13302043
12172.376,0.12885139
12174.435,0.13588716
12176.494,0.13171875
12178.554,0.13651423
12180.614,0.13906913
12182.674,0.15506972
12184.734,0.15314345
12186.795,0.1467357
12188.855,0.12800333
12190.916,0.13280068
12192.977,0.11967117
12195.038,0.12222824
12197.099,0.11806294
12199.161,0.1127775
12201.222,0.10637193
12203.284,0.087641729
12205.346,0.075634533
12207.408,0.089397955
12209.471,0.057223313
12211.533,0.06314422
12213.596,0.056740508
12215.659,0.07946876
12217.722,0.095474633
12219.785,0.091312749
12221.848,0.12972821
12223.912,0.13565098
12225.975,0.13709227
12228.039,0.13965432
12230.103,0.11532592
12232.168,0.12573173
12234.232,0.12381292
12236.297,0.099485453
12238.361,0.11213309
12240.426,0.090047143
12242.491,0.13070661
12244.557,0.1299098
12246.622,0.13023375
12248.688,0.15184652
12250.753,0.10735317
12252.819,0.11440074
12254.886,0.079992036
12256.952,0.041101853
12259.018,0.054873046
12261.085,0.013742588
12263.152,0.012948576
12265.219,0.023359357
12267.286,-0.00432479
12269.353,0.049784091
12271.421,0.026582358
12273.489,0.014585418
12275.557,0.047406716
12277.625,0.028687709
12279.693,0.036859769
12281.761,0.043911691
12283.83,0.018470927
12285.899,0.024403022
12287.968,0.006806017
12290.037,-0.014152022
12292.106,-0.014941683
12294.175,-0.028055963
12296.245,-0.017640521
12298.315,-0.002742975
12300.385,-0.002410945
12302.455,0.021450808
12304.525,0.027385701
12306.596,0.019875527
12308.667,0.023570145
12310.737,0.020542385
12312.808,0.032080762
12314.88,0.055944379
12316.951,0.049556207
12319.023,0.074540895
12321.094,0.069273792
12323.166,0.083054619
12325.238,0.047536037
12327.31,0.053474349
12329.383,0.052690282
12331.455,0.028377115
12333.528,0.019750532
12335.601,0.034653673
12337.674,0.026027712
12339.748,0.076785816
12341.821,0.035667479
12343.895,0.037126485
12345.968,0.046428938
12348.042,0.037804531
12350.117,0.037023572
12352.191,0.022797546
12354.265,0.006330935
12356.34,-5.13E-05
12358.415,-0.018758219
12360.49,-0.02177852
12362.565,-0.040484784
12364.641,-0.034540879
12366.716,-0.030837558
12368.792,-0.03721796
12370.868,-0.026791329
12372.944,-0.044375592
12375.02,-0.017141617
12377.097,-0.005593605
12379.173,-0.025417832
12381.25,-0.002664717
12383.327,-0.028090562
12385.404,-0.022143548
12387.481,0.002851395
12389.559,-0.027055311
12391.636,-0.013264227
12393.714,-0.014038659
12395.792,-0.028258158
12397.87,-0.005502557
12399.949,-0.025323676
12402.027,-0.014892383
12404.106,-0.033592431
12406.185,-0.031003654
12408.264,-0.010487395
12410.343,-0.007587901
12412.422,0.016600351
12414.502,0.017259435
12416.582,0.035845932
12418.662,0.06227581
12420.742,0.043888003
12422.822,0.035584473
12424.902,0.026160737
12426.983,-0.017996649
12429.064,0.010675339
12431.145,-0.018915735
12433.226,-0.016013569
12435.307,-0.010870263
12437.389,-0.037099264
12439.47,-0.028594129
12441.552,-0.027931887
12443.634,-0.021667162
12445.716,-0.008679505
12447.799,-0.003534742
12449.881,0.022898779
12451.964,0.006755512
12454.047,0.016382796
12456.13,0.047298839
12458.213,0.012108682
12460.296,0.009411765
12462.38,-0.005847929
12464.464,-0.034552777
12466.548,-0.004994097
12468.632,-0.020253121
12470.716,-0.020946096
12472.8,0.007492804
12474.885,-0.008885999
12476.97,-0.001735168
12479.055,0.014379472
12481.14,0.022651197
12483.225,0.030923146
12485.311,0.026870388
12487.396,0.0239383
12489.482,0.003079265
12491.568,0.011352106
12493.654,-0.012867828
12495.741,-0.014678575
12497.827,0.007040313
12499.914,0.010832252
12502.001,0.003419933
12504.088,0.024019042
12506.175,0.025570754
12508.262,0.046170309
12510.35,0.045481571
12512.438,0.035829471
12514.526,0.057550143
12516.614,0.054621177
12518.702,0.066258261
12520.79,0.086859154
12522.879,0.064883239
12524.968,0.064196062
12527.057,0.042220593
12529.146,-0.016729443
12531.235,0.00051122
12533.325,-0.022584029
12535.414,-0.041197262
12537.504,-0.051967134
12539.594,-0.036966475
12541.684,-0.018604249
12543.775,-0.005844041
12545.865,-0.007649436
12547.956,-0.0139364
12550.047,-0.010139108
12552.138,0.005983337
12554.229,-0.010386993
12556.321,-0.00770948
12558.412,0.011774978
12560.504,0.014452937
12562.596,0.02273336
12564.688,0.017568627
12566.78,0.013463742
12568.873,0.016081764
12570.965,0.014218211
12573.058,-0.004451846
12575.151,-0.004074067
12577.244,0.005267516
12579.338,-0.013401888
12581.431,0.010505957
12583.525,-0.00256077
12585.619,-0.007784142
12587.713,0.009401668
12589.807,-0.002543958
12591.901,0.014642288
12593.996,0.007178892
12596.09,-0.000284287
12598.185,0.033709335
12600.28,0.027367041
12602.376,0.022145412
12604.471,0.015803554
12606.567,-0.003983465
12608.662,0.016565869
12610.758,0.00014063
12612.854,-0.005079908
12614.951,-0.000216195
12617.047,-0.00431585
12619.144,0.010632332
12621.241,0.002051321
12623.338,-0.016613506
12625.435,0.008419364
12627.532,-0.020329061
12629.63,-0.000649008
12631.727,-0.01893948
12633.825,-0.004985726
12635.923,-0.021532843
12638.021,-0.022393468
12640.12,-0.006696141
12642.218,-0.028471363
12644.317,-0.017130898
12646.416,-0.017119191
12648.515,-0.03715084
12650.614,-0.03016702
12652.714,-0.044098015
12654.813,-0.010098508
12656.913,0.000371805
12659.013,-0.004843939
12661.113,0.009984108
12663.213,0.00302588
12665.314,-0.008289428
12667.414,0.002181975
12669.515,0.007424837
12671.616,0.00375976
12673.717,-0.026048907
12675.819,-0.023613362
12677.92,-0.019434696
12680.022,-0.000441014
12682.124,0.017681411
12684.226,0.016631924
12686.328,0.018197019
12688.43,0.018890855
12690.533,0.031785329
12692.636,0.040322707
12694.738,0.053217585
12696.842,0.058269528
12698.945,0.043278099
12701.048,0.042230228
12703.152,0.042925477
12705.256,0.042749469
12707.36,0.037344905
12709.464,0.033683462
12711.568,0.038736818
12713.672,0.028104101
12715.777,0.026186183
12717.882,0.019039709
12719.987,0.006664678
12722.092,0.014333423
12724.197,0.02025945
12726.303,0.036643195
12728.409,0.020783133
12730.514,0.023223927
12732.62,0.016078866
12734.727,0.001962329
12736.833,-0.005182328
12738.94,-0.009712404
12741.046,-0.008142061
12743.153,-0.015286112
12745.26,-0.019815583
12747.368,-0.006044198
12749.475,-0.029745378
12751.583,-0.046474679
12753.69,-0.029216849
12755.798,-0.031130931
12757.906,-0.00690102
12760.015,-0.014914916
12762.123,-0.02467153
12764.232,-0.008284151
12766.341,-0.005839925
12768.45,0.002704721
12770.559,0.026935843
12772.668,0.011080021
12774.778,0.02572549
12776.887,0.015197994
12778.997,0.011642313
12781.107,0.030744723
12783.218,0.005402826
12785.328,0.015790915
12787.439,0.020078924
12789.549,0.001709119
12791.66,0.005125945
12793.771,-0.015857963
12795.883,-0.012440861
12797.994,0.004048275
12800.106,-0.010835001
12802.217,-0.010903323
12804.329,-0.024043403
12806.441,-0.031954586
12808.554,-0.002392865
12810.666,-0.008560852
12812.779,0.003571952
12814.892,0.004375918
12817.005,-0.004406035
12819.118,-0.009702011
12821.231,0.003302806
12823.345,0.011950461
12825.458,0.019726796
12827.572,0.013559913
12829.686,0.027388219
12831.801,0.034244982
12833.915,0.014958088
12836.03,0.024429498
12838.144,0.025186445
12840.259,0.003285574
12842.374,-0.001185969
12844.49,-0.009143216
12846.605,-0.020586168
12848.721,-0.014599792
12850.836,-0.027785395
12852.952,-0.02441313
12855.069,-0.025398029
12857.185,-0.017668197
12859.301,-0.001223634
12861.418,-0.011794187
12863.535,-0.009292711
12865.652,0.005409335
12867.769,-0.005160816
12869.886,0.021741934
12872.004,0.019015188
12874.122,0.011059819
12876.24,0.020533777
12878.358,0.013450136
12880.476,0.038610637
12882.594,0.04198478
12884.713,0.041001759
12886.832,0.047862009
12888.951,0.025092763
12891.07,0.039796419
12893.189,0.034456636
12895.308,0.037831583
12897.428,0.048178343
12899.548,0.033252905
12901.668,0.040985554
12903.788,0.034774982
12905.908,0.028564543
12908.029,0.036297594
12910.149,0.034444723
12912.27,0.041306583
12914.391,0.040325439
12916.512,0.043701728
12918.634,0.028777498
12920.755,0.026925297
12922.877,0.02681615
12924.999,0.014506701
12927.121,0.022240959
12929.243,0.031718271
12931.366,0.015051926
12933.488,0.007971772
12935.611,-0.013051604
12937.734,0.004269382
12939.857,-0.006296209
12941.98,-0.011632907
12944.104,0.032703731
12946.227,0.028238761
12948.351,0.016802247
12950.475,0.053296151
12952.599,0.034888228
12954.724,0.047852988
12956.848,0.046003067
12958.973,0.021495329
12961.098,0.044046548
12963.223,0.009081561
12965.348,0.002003419
12967.473,0.009740226
12969.599,-0.02260998
12971.724,0.004299209
12973.85,-0.005392776
12975.976,0.000601648
12978.103,0.027511238
12980.229,0.00474776
12982.356,0.019457183
12984.482,0.019351926
12986.609,0.022732641
12988.737,0.047028523
12990.864,0.01293674
12992.991,0.019803697
12995.119,0.005755755
12997.247,0.009137141
12999.375,0.011647201
13001.503,-0.004143258
13003.631,-0.003375849
13005.76,-0.01829458
13007.888,-0.019269821
13010.017,0.008513241
13012.146,0.002309509
13014.275,0.023992622
13016.405,0.016917699
13018.534,0.019428966
13020.664,0.013225771
13022.794,0.008765629
13024.924,0.031320872
13027.054,-0.011483228
13029.185,0.004972066
13031.315,0.007484138
13033.446,-0.019633285
13035.577,0.012508685
13037.708,-0.025937446
13039.839,-0.01471024
13041.971,0.000270377
13044.103,-0.041393801
13046.234,-0.005497982
13048.366,-0.036704474
13050.499,-0.030438115
13052.631,-0.016328534
13054.763,-0.037077256
13056.896,0.011019423
13059.029,0.005085685
13061.162,0.009609549
13063.295,0.013262038
13065.429,0.014300232
13067.562,0.041482302
13069.696,0.023348553
13071.83,0.029615759
13073.964,0.016710938
13076.098,-0.011008614
13078.233,0.003973444
13080.367,-0.031589076
13082.502,0.010408403
13084.637,-0.000753076
13086.772,-0.01191447
13088.907,0.01091115
13091.043,-0.01245051
13093.178,0.013861117
13095.314,0.030586773
13097.45,0.034240618
13099.586,0.078853153
13101.723,0.059849215
13103.859,0.072217912
13105.996,0.059314361
13108.133,0.049896735
13110.27,0.066622984
13112.407,0.021475679
13114.544,0.012929766
13116.682,-0.00084482
13118.82,-0.024205378
13120.958,-0.02229352
13123.096,-0.021253036
13125.234,-0.021083928
13127.372,-0.016557437
13129.511,-0.005930643
13131.65,0.016896672
13133.789,0.022294877
13135.928,0.023335869
13138.067,0.020019647
13140.207,0.002760154
13142.346,-0.002298818
13144.486,0.001356892
13146.626,-0.001958991
13148.766,-0.019218144
13150.907,-0.009461962
13153.047,-0.011034671
13155.188,-0.00127832
13157.329,0.000634979
13159.47,0.000805444
13161.611,0.00794767
13163.753,-0.006696511
13165.894,0.024846757
13168.036,0.039832375
13170.178,0.028674288
13172.32,0.065446568
13174.462,0.035116536
13176.605,0.038773518
13178.747,0.05375956
13180.89,0.026915621
13183.033,0.057588108
13185.176,0.020286822
13187.319,0.028301526
13189.463,0.04764529
13191.607,0.005115501
13193.75,0.031431113
13195.894,0.011559445
13198.039,0.007374137
13200.183,0.030204164
13202.327,0.005103993
13204.472,0.020962512
13206.617,0.004577107
13208.762,-0.018779891
13210.907,-0.02383615
13213.053,-0.04109276
13215.198,-0.020005059
13217.344,-0.028546903
13219.49,-0.034474283
13221.636,-0.029072602
13223.782,-0.052429007
13225.929,-0.039184019
13228.075,-0.025938947
13230.222,0.011707082
13232.369,0.029309622
13234.516,0.036454731
13236.664,0.061029119
13238.811,0.053359582
13240.959,0.070091002
13243.107,0.082465208
13245.255,0.075667386
13247.403,0.078455705
13249.551,0.034185285
13251.7,0.036973773
13253.848,0.00316104
13255.997,-0.018451174
13258.146,0.005252602
13260.296,-0.012002144
13262.445,0.002115745
13264.595,0.003161822
13266.744,-0.000149314
13268.894,0.028783644
13271.044,0.019372459
13273.195,0.051791425
13275.345,0.059809604
13277.496,0.044298456
13279.647,0.054931184
13281.798,0.053363561
13283.949,0.027395151
13286.1,0.032799375
13288.252,0.024260328
13290.403,0.03576494
13292.555,0.045526716
13294.707,0.035245005
13296.859,0.051978629
13299.012,0.055640442
13301.164,0.034901468
13303.317,0.057735564
13305.47,0.041354058
13307.623,0.083360437
13309.776,0.086151214
13311.93,0.071512882
13314.083,0.11090514
13316.237,0.091038216
13318.391,0.085114735
13320.545,0.094877614
13322.699,0.084597004
13324.854,0.097845891
13327.008,0.064036039
13329.163,0.077285096
13331.318,0.080076721
13333.473,0.05411026
13335.629,0.063873732
13337.784,0.059693934
13339.94,0.082529471
13342.096,0.080092762
13344.252,0.086370734
13346.408,0.088291492
13348.564,0.053611029
13350.721,0.053789037
13352.878,0.064424647
13355.034,0.05065947
13357.192,0.076110064
13359.349,0.066702356
13361.506,0.079952684
13363.664,0.091460177
13365.822,0.075952505
13367.979,0.098789143
13370.138,0.08589602
13372.296,0.088689255
13374.454,0.1254695
13376.613,0.087304303
13378.772,0.10142677
13380.931,0.086791149
13383.09,0.080870212
13385.249,0.11590796
13387.409,0.096915301
13389.569,0.12411009
13391.728,0.11296073
13393.888,0.099197078
13396.049,0.13249234
13398.209,0.098685281
13400.37,0.12588049
13402.53,0.11996032
13404.691,0.087896434
13406.852,0.1063773
13409.014,0.089999864
13411.175,0.11370966
13413.337,0.10604699
13415.498,0.083569587
13417.66,0.099436498
13419.822,0.065630292
13421.985,0.072782775
13424.147,0.077320964
13426.31,0.057458367
13428.473,0.061125266
13430.636,0.044748677
13432.799,0.06497348
13434.962,0.066026254
13437.126,0.062721815
13439.289,0.077718114
13441.453,0.072670925
13443.617,0.09638199
13445.781,0.11137854
13447.946,0.11156037
13450.11,0.10999936
13452.275,0.073580041
13454.44,0.089448393
13456.605,0.078301579
13458.77,0.087198424
13460.936,0.094352433
13463.101,0.077105656
13465.267,0.10517487
13467.433,0.094028477
13469.599,0.096825527
13471.766,0.12402353
13473.932,0.10154842
13476.099,0.13136098
13478.266,0.13677275
13480.433,0.12998416
13482.6,0.13278172
13484.767,0.10856411
13486.935,0.14360585
13489.102,0.13420323
13491.27,0.12218631
13493.438,0.152871
13495.607,0.13388258
13497.775,0.13493781
13499.943,0.12727853
13502.112,0.12136226
13504.281,0.11980336
13506.45,0.092100766
13508.62,0.09838518
13510.789,0.079397348
13512.959,0.069124198
13515.128,0.06843719
13517.298,0.05554983
13519.468,0.064449048
13521.639,0.056790616
13523.809,0.036931833
13525.98,0.054545902
13528.151,0.040787506
13530.322,0.048815688
13532.493,0.060329793
13534.664,0.035242676
13536.836,0.038042354
13539.008,0.039970657
13541.179,0.02534131
13543.351,0.038598759
13545.524,0.00131163
13547.696,0.00672611
13549.869,0.021726732
13552.041,-0.003359707
13554.214,0.015998384
13556.387,0.027513421
13558.561,0.028571027
13560.734,0.060129807
13562.908,0.058573204
13565.082,0.10320405
13567.256,0.10600491
13569.43,0.10183419
13571.604,0.12032149
13573.779,0.11440802
13575.953,0.097165647
13578.128,0.069465846
13580.303,0.077495977
13582.478,0.070711378
13584.654,0.027325557
13586.829,0.054528056
13589.005,0.045129333
13591.181,0.036602154
13593.357,0.044632794
13595.533,0.036977244
13597.709,0.065923086
13599.886,0.027766616
13602.063,0.047998031
13604.24,0.067358071
13606.417,0.011772662
13608.594,0.03287579
13610.772,0.017377697
13612.949,0.02366618
13615.127,0.037797886
13617.305,0.01271399
13619.483,0.029460244
13621.661,0.002633598
13623.84,0.008922505
13626.019,0.023054635
13628.197,-0.000285918
13630.376,0.018203679
13632.556,-0.004265245
13634.735,0.000281167
13636.915,-0.000401094
13639.094,0.014603003
13641.274,0.027864266
13643.454,0.002781387
13645.634,0.012556981
13647.815,0.016232442
13649.995,0.01206485
13652.176,0.034041134
13654.357,0.024644953
13656.538,0.048364326
13658.72,0.022410581
13660.901,0.035672607
13663.083,0.038477201
13665.264,0.022981227
13667.446,0.042343725
13669.629,0.025105
13671.811,0.023552635
13673.993,0.023743274
13676.176,-0.014410228
13678.359,-0.011605041
13680.542,-0.037557938
13682.725,-0.029523823
13684.909,-0.008417727
13687.092,-0.016069717
13689.276,-0.000739491
13691.46,-0.008938636
13693.644,-0.020623579
13695.828,0.005164286
13698.012,0.000451103
13700.197,0.010552776
13702.382,-0.001132002
13704.567,-0.016302578
13706.752,-0.014915378
13708.937,-0.029214412
13711.123,-0.03044151
13713.308,-0.030797107
13715.494,-0.023309525
13717.68,-0.02192212
13719.866,-0.016177375
13722.053,0.001767846
13724.239,-0.002073384
13726.426,0.011514621
13728.613,0.005059095
13730.8,0.02300448
13732.987,0.03223531
13735.174,0.014450931
13737.362,0.029782061
13739.55,0.007640465
13741.737,0.002056645
13743.926,0.019887181
13746.114,-0.018055672
13748.302,0.011975364
13750.491,-0.025095965
13752.68,-0.04125223
13754.869,-0.013835477
13757.058,-0.037834815
13759.247,-0.005189241
13761.436,0.011770091
13763.626,-0.006128933
13765.816,0.024773818
13768.006,0.006003398
13770.196,0.032548914
13772.386,0.053865704
13774.577,0.033352461
13776.768,0.079070186
13778.959,0.068143063
13781.15,0.065930569
13783.341,0.080275842
13785.532,0.061505677
13787.724,0.076722473
13789.915,0.071024268
13792.107,0.073169232
13794.299,0.092743423
13796.492,0.086173854
13798.684,0.089190374
13800.877,0.096564224
13803.07,0.087380372
13805.263,0.10695472
13807.456,0.11694305
13809.649,0.12431703
13811.842,0.15173461
13814.036,0.15387989
13816.23,0.14905353
13818.424,0.16514223
13820.618,0.14724404
13822.812,0.17727616
13825.007,0.16983555
13827.202,0.16065205
13829.397,0.17238361
13831.592,0.1562285
13833.787,0.15663115
13835.982,0.14744778
13838.178,0.14262173
13840.373,0.16655389
13842.569,0.15388478
13844.766,0.16735949
13846.962,0.15120459
13849.158,0.16119353
13851.355,0.18164001
13853.552,0.18378587
13855.749,0.20771825
13857.946,0.20463541
13860.143,0.19196655
13862.341,0.19411254
13864.538,0.16488601
13866.736,0.19056147
13868.934,0.17614982
13871.132,0.15128069
13873.331,0.15952705
13875.529,0.13814382
13877.728,0.17776279
13879.927,0.17293736
13882.126,0.15939736
13884.325,0.21034541
13886.524,0.17589044
13888.724,0.21028082
13890.924,0.19848386
13893.124,0.17797235
13895.324,0.20800552
13897.524,0.16135028
13899.724,0.16872556
13901.925,0.18394402
13904.126,0.15733245
13906.327,0.19520892
13908.528,0.17121179
13910.729,0.17510139
13912.931,0.16504768
13915.132,0.13495043
13917.334,0.13099699
13919.536,0.13052943
13921.738,0.11699001
13923.941,0.12000835
13926.143,0.09426855
13928.346,0.068528785
13930.549,0.065447004
13932.752,0.071079852
13934.955,0.071483973
13937.159,0.059687691
13939.362,0.055734578
13941.566,0.063981933
13943.77,0.04347115
13945.974,0.070019222
13948.178,0.05735164
13950.383,0.084771236
13952.587,0.086918533
13954.792,0.076865425
13956.997,0.11212825
13959.202,0.10904689
13961.408,0.11119431
13963.613,0.12554221
13965.819,0.098060064
13968.025,0.11240802
13970.231,0.09189762
13972.437,0.087944986
13974.643,0.092706982
13976.85,0.054767484
13979.056,0.062143922
13981.263,0.050348279
13983.47,0.014151796
13985.678,0.040700444
13987.885,0.036748034
13990.093,0.024081059
13992.3,0.038429366
13994.508,0.021405156
13996.716,0.040982286
13998.925,0.023086681
14001.133,0.029591979
14003.342,0.067469858
14005.551,0.038245372
14007.76,0.056079742
14009.969,0.05648495
14012.178,0.015931584
14014.388,0.041609187
14016.597,0.021970918
14018.807,0.010175818
14021.017,0.010581186
14023.227,-0.010799907
14025.438,0.006163259
14027.648,-0.010860472
14029.859,-0.004354758
14032.07,0.017837262
14034.281,0.004299466
14036.492,0.011676735
14038.704,0.019925495
14040.915,0.008130715
14043.127,0.021608297
14045.339,0.014170879
14047.551,0.028519986
14049.763,0.031540148
14051.976,0.025845745
14054.189,0.03060889
14056.401,0.02752893
14058.614,0.028806301
14060.827,0.044027059
14063.041,0.018289242
14065.254,0.025666927
14067.468,0.003415013
14069.682,-0.004893513
14071.896,0.015556162
14074.11,0.009862079
14076.324,0.019854302
14078.539,0.015031742
14080.754,0.02328111
14082.969,0.033273429
14085.184,0.012764691
14087.399,0.024499993
14089.614,0.017063214
14091.83,-0.008674187
14094.046,-0.013496523
14096.262,-0.016575908
14098.478,0.000388312
14100.694,-0.018377283
14102.911,-0.014484895
14105.127,-0.002749337
14107.344,-0.008442941
14109.561,0.018107496
14111.778,0.035071908
14113.996,0.039835916
14116.213,0.054186012
14118.431,0.036292132
14120.649,0.048027914
14122.867,0.044948912
14125.085,0.029669507
14127.303,0.048377062
14129.522,0.015668527
14131.741,0.010846734
14133.96,-0.000946705
14136.179,-0.018840329
14138.398,0.002481765
14140.617,-0.018897635
14142.837,0.01113912
14145.057,0.028975471
14147.277,0.009339087
14149.497,0.041990316
14151.717,0.029325673
14153.938,0.057619668
14156.158,0.058898445
14158.379,0.047976817
14160.6,0.056227335
14162.821,0.041819933
14165.043,0.041355917
14167.264,0.042634854
14169.486,0.043913822
14171.708,0.051293039
14173.93,0.033399958
14176.152,0.04077924
14178.374,0.037701037
14180.597,0.063381037
14182.82,0.046359543
14185.043,0.051996033
14187.266,0.055889636
14189.489,0.049325754
14191.712,0.074134453
14193.936,0.078899612
14196.16,0.083664802
14198.384,0.10324484
14200.608,0.083609221
14202.832,0.097089104
14205.057,0.094011285
14207.281,0.11184853
14209.506,0.10005618
14211.731,0.08390656
14213.956,0.092157844
14216.182,0.10302354
14218.407,0.097331533
14220.633,0.099482696
14222.859,0.10773411
14225.085,0.13341475
14227.311,0.13730892
14229.537,0.14294605
14231.764,0.15119759
14233.991,0.16467792
14236.218,0.15114304
14238.445,0.16898073
14240.672,0.17461802
14242.9,0.17589804
14245.127,0.15190576
14247.355,0.1348852
14249.583,0.15795181
14251.811,0.15748904
14254.039,0.17794133
14256.268,0.19055052
14258.497,0.16917282
14260.725,0.17916769
14262.954,0.1717334
14265.184,0.20264338
14267.413,0.22048148
14269.642,0.19910394
14271.872,0.23001401
14274.102,0.21299382
14276.332,0.23518936
14278.562,0.23559843
14280.793,0.24210775
14283.023,0.26866068
14285.254,0.2464119
14287.485,0.26947905
14289.716,0.28731748
14291.947,0.27291193
14294.179,0.30295086
14296.41,0.28418808
14298.642,0.31248415
14300.874,0.31115062
14303.106,0.31330297
14305.339,0.32852724
14307.571,0.32196505
14309.804,0.32934625
14312.037,0.34021332
14314.27,0.33365123
14316.503,0.34103252
14318.736,0.33969925
14320.97,0.34620915
14323.204,0.34051864
14325.437,0.33831401
14327.672,0.3535386
14329.906,0.35830571
14332.14,0.34912949
14334.375,0.3164239
14336.61,0.31160504
14338.844,0.29720016
14341.08,0.29761013
14343.315,0.29453429
14345.55,0.30540184
14347.786,0.28489688
14350.022,0.273978
14352.258,0.26828791
14354.494,0.28264142
14356.73,0.30309519
14358.967,0.31222001
14361.203,0.31001588
14363.44,0.3356985
14365.677,0.30996503
14367.914,0.31734706
14370.152,0.33431518
14372.389,0.33559706
14374.627,0.3490794
14376.865,0.34077528
14379.103,0.3324712
14381.341,0.33985342
14383.58,0.3184775
14385.818,0.33544584
14388.057,0.34457108
14390.296,0.3136092
14392.535,0.32622034
14394.774,0.31617356
14397.014,0.29915513
14399.254,0.31525221
14401.493,0.29736238
14403.733,0.29864471
14405.974,0.28424079
14408.214,0.2785515
14410.454,0.30597771
14412.695,0.31684621
14414.936,0.3137714
14417.177,0.32551143
14419.418,0.31895084
14421.66,0.33330531
14423.901,0.34940274
14426.143,0.34981392
14428.385,0.34151054
14430.627,0.32797843
14432.869,0.29788862
14435.111,0.31485766
14437.354,0.29958273
14439.597,0.31655184
14441.84,0.29779113
14444.083,0.27990192
14446.326,0.31081447
14448.57,0.28682511
14450.813,0.29333686
14453.057,0.31640638
14455.301,0.28021667
14457.545,0.29892895
14459.79,0.26099638
14462.034,0.29539501
14464.279,0.29667819
14466.524,0.26920324
14468.769,0.30621634
14471.014,0.27351269
14473.259,0.26608141
14475.505,0.27607935
14477.751,0.25644769
14479.997,0.28387489
14482.243,0.24332827
14484.489,0.22805401
14486.735,0.23805211
14488.982,0.21144894
14491.229,0.22754732
14493.476,0.22795946
14495.723,0.22837163
14497.97,0.23488406
14500.218,0.23355337
14502.465,0.26185235
14504.713,0.26923633
14506.961,0.26354845
14509.209,0.27703271
14511.458,0.26698759
14513.706,0.25781396
14515.955,0.27129832
14518.204,0.28652562
14520.453,0.27125187
14522.702,0.25162086
14524.951,0.26423388
14527.201,0.26551796
14529.451,0.25895893
14531.701,0.27592935
14533.951,0.27372769
14536.201,0.26368292
14538.451,0.26758154
14540.702,0.27496603
14542.953,0.29280807
14545.204,0.29147803
14547.455,0.29014801
14549.706,0.30101847
14551.958,0.30404582
14554.209,0.3070732
14556.461,0.32752981
14558.713,0.32184266
14560.965,0.35101393
14563.218,0.34096955
14565.47,0.34312563
14567.723,0.3461532
14569.976,0.33523746
14572.229,0.36702326
14574.482,0.37789407
14576.735,0.36784988
14578.989,0.37872075
14581.243,0.34253283
14583.497,0.35950398
14585.751,0.33551656
14588.005,0.3455161
14590.26,0.35813005
14592.514,0.33675711
14594.769,0.34152799
14597.024,0.35675641
14599.279,0.36675611
14601.534,0.40115671
14603.79,0.39198436
14606.046,0.4420713
14608.301,0.44858529
14610.557,0.45422785
14612.814,0.46422774
14615.07,0.46638453
14617.326,0.47202719
14619.583,0.4619836
14621.84,0.45455443
14624.097,0.47501199
14626.354,0.46758288
14628.612,0.47496862
14630.869,0.47363979
14633.127,0.48102559
14635.385,0.48405412
14637.643,0.48621123
14639.901,0.48662544
14642.16,0.48703969
14644.418,0.48135376
14646.677,0.48961121
14648.936,0.48392534
14651.195,0.48695409
14653.455,0.4873685
14655.714,0.49039732
14657.974,0.48558304
14660.234,0.4999409
14662.494,0.51168441
14664.754,0.51035606
14667.014,0.49508439
14669.275,0.4981134
14671.536,0.47587011
14673.796,0.45624124
14676.058,0.44968429
14678.319,0.43528424
14680.58,0.41129816
14682.842,0.39602671
14685.104,0.39564933
14687.365,0.37966493
14689.628,0.37580178
14691.89,0.37051263
14694.152,0.38590088
14696.415,0.39629807
14698.678,0.38886998
14700.941,0.39926723
14703.204,0.39540427
14705.467,0.38441122
14707.731,0.38767844
14709.994,0.37169436
14712.258,0.37424864
14714.522,0.36895981
14716.786,0.35297583
14719.051,0.34626104
14721.315,0.33598122
14723.58,0.33283156
14725.845,0.32397783
14728.11,0.3129851
14730.375,0.30983553
14732.641,0.29313876
14734.906,0.27287696
14737.172,0.27400556
14739.438,0.28155131
14741.704,0.28695805
14743.97,0.28309566
14746.237,0.27495523
14748.504,0.26824086
14750.77,0.24084916
14753.037,0.2483951
14755.304,0.23740274
14757.572,0.25065285
14759.839,0.26318997
14762.107,0.25291073
14764.375,0.24477055
14766.643,0.22807426
14768.911,0.2227862
14771.179,0.22605432
14773.448,0.21434921
14775.717,0.25112898
14777.986,0.2372849
14780.255,0.24554424
14782.524,0.23883034
14784.793,0.22070828
14787.063,0.23609784
14789.333,0.21654981
14791.603,0.21696617
14793.873,0.23306884
14796.143,0.20995585
14798.414,0.21964146
14800.684,0.1886854
14802.955,0.19409301
14805.226,0.21233487
14807.497,0.19777819
14809.769,0.23313242
14812.04,0.21714977
14814.312,0.21328838
14816.584,0.22939136
14818.856,0.20200062
14821.128,0.23664199
14823.4,0.22351156
14825.673,0.2182243
14827.946,0.22149322
14830.219,0.19624167
14832.492,0.21234488
14834.765,0.19422352
14837.038,0.18394533
14839.312,0.2036137
14841.586,0.18834448
14843.86,0.20302182
14846.134,0.18632665
14848.408,0.18745682
14850.683,0.20142125
14852.957,0.19328232
14855.232,0.19655162
14857.507,0.18841276
14859.782,0.19738622
14862.058,0.21348985
14864.333,0.1953689
14866.609,0.21575067
14868.885,0.19691677
14871.161,0.18949111
14873.437,0.20844695
14875.713,0.18248303
14877.99,0.21213411
14880.267,0.21041268
14882.543,0.20655224
14884.821,0.20696991
14887.098,0.19455338
14889.375,0.21564848
14891.653,0.18469369
14893.931,0.19366764
14896.209,0.21476283
14898.487,0.20805056
14900.765,0.2512492
14903.044,0.22599868
14905.322,0.22855567
14907.601,0.24893801
14909.88,0.22154854
14912.159,0.23337479
14914.439,0.21525455
14916.718,0.22921991
14918.998,0.23676818
14921.278,0.20866586
14923.558,0.2105101
14925.838,0.17670374
14928.118,0.18924323
14930.399,0.1989307
14932.68,0.17510661
14934.961,0.21188862
14937.242,0.21373305
14939.523,0.22698571
14941.804,0.23738635
14944.086,0.23281376
14946.368,0.24891857
14948.65,0.25147617
14950.932,0.26758104
14953.214,0.27726883
14955.497,0.28125255
14957.779,0.30591366
14960.062,0.2899331
14962.345,0.29391692
14964.628,0.30431788
14966.912,0.30972778
14969.195,0.31798977
14971.479,0.32339974
14973.763,0.34378301
14976.047,0.33921087
14978.331,0.31966549
14980.616,0.3257886
14982.9,0.32121656
14985.185,0.34159998
14987.47,0.3541403
14989.755,0.3410122
14992.04,0.35070054
14994.326,0.36181492
14996.611,0.36793826
14998.897,0.35338426
15001.183,0.38517611
15003.469,0.39129954
15005.756,0.3917189
15008.042,0.40497252
15010.329,0.3854276
15012.616,0.38442103
15014.903,0.39339667
15017.19,0.39096414
15019.477,0.38853164
15021.765,0.38538617
15024.052,0.40220507
15026.34,0.38907748
15028.628,0.41231356
15030.917,0.41558533
15033.205,0.4174311
15035.494,0.4420933
15037.782,0.44251311
15040.071,0.45790621
15042.36,0.45975211
15044.65,0.48084937
15046.939,0.48911245
15049.229,0.48240229
15051.519,0.49494351
15053.809,0.49821559
15056.099,0.52216507
15058.389,0.51830709
15060.68,0.52157927
15062.97,0.53055558
15065.261,0.52028058
15067.552,0.54850829
15069.843,0.5289642
15072.135,0.54863582
15074.426,0.56474242
15076.718,0.57300591
15079.01,0.58340847
15081.302,0.5617255
15083.594,0.59993561
15085.887,0.62745056
15088.179,0.62858409
15090.472,0.65895115
15092.765,0.6408334
15095.058,0.6633574
15097.351,0.67518624
15099.645,0.680598
15101.938,0.6867228
15104.232,0.68143944
15106.526,0.70824167
15108.82,0.69297619
15111.115,0.68840594
15113.409,0.7173473
15115.704,0.71491614
15117.999,0.74243155
15120.294,0.76139083
15122.589,0.76822893
15124.884,0.79075334
15127.18,0.80686067
15129.476,0.83865431
15131.771,0.83836242
15134.068,0.8466267
15136.364,0.87556839
15138.66,0.87527659
15140.957,0.88068892
15143.254,0.89608346
15145.551,0.90862599
15147.848,0.9190295
15150.145,0.92230293
15152.442,0.92272433
15154.74,0.92956289
15157.038,0.95493979
15159.336,0.97960372
15161.634,0.97574718
15163.932,0.99114201
15166.231,1.0172321
15168.53,1.0290619
15170.828,1.0359007
15173.128,1.0348963
15175.427,1.0666906
15177.726,1.0870767
15180.026,1.0939156
15182.325,1.0936244
15184.625,1.0933333
15186.925,1.1108674
15189.226,1.1276887
15191.526,1.15164
15193.827,1.1413668
15196.127,1.1482059
15198.428,1.1721574
15200.73,1.1618843
15203.031,1.1929659
15205.332,1.1855449
15207.634,1.1902452
15209.936,1.2363002
15212.238,1.2388615
15214.54,1.2642392
15216.842,1.2340019
15219.145,1.2536756
15221.448,1.2776274
15223.75,1.2431122
15226.053,1.264212
15228.357,1.2361139
15230.66,1.2422405
15232.964,1.2633404
15235.267,1.2060089
15237.571,1.2199788
15239.875,1.199724
15242.18,1.2243891
15244.484,1.2462022
15246.789,1.2280866
15249.093,1.2834113
15251.398,1.2759909
15253.704,1.2671446
15256.009,1.2975139
15258.314,1.2729814
15260.62,1.3104809
15262.926,1.2945046
15265.232,1.2849454
15267.538,1.3024807
15269.844,1.2850784
15272.151,1.2876405
15274.458,1.2695253
15276.764,1.2635313
15279.072,1.2996051
15281.379,1.2693688
15283.686,1.2883303
15285.994,1.2709283
15288.301,1.2599433
15290.609,1.2674968
15292.917,1.2386866
15295.226,1.2105895
15297.534,1.1881965
15299.843,1.1536824
15302.152,1.1484018
15304.461,1.1081836
15306.77,1.1135982
15309.079,1.0883533
15311.388,1.0873509
15313.698,1.0692362
15316.008,1.0375744
15318.318,1.0294419
15320.628,1.0241616
15322.939,1.0231593
15325.249,1.0328523
15327.56,1.0133117
15329.871,1.0158747
15332.182,0.99490818
15334.493,0.99176704
15336.804,0.96295749
15339.116,0.97336366
15341.428,0.96380552
15343.74,0.96066451
15346.052,0.96750571
15348.364,0.96436477
15350.676,0.98118822
15352.989,0.97091722
15355.302,0.95494215
15357.615,0.96249652
15359.928,0.94723453
15362.241,0.94908487
15364.555,0.9259798
15366.868,0.9335343
15369.182,0.92041148
15371.496,0.89944555
15373.811,0.89915701
15376.125,0.87391306
15378.439,0.8743376
15380.754,0.86691903
15383.069,0.84595326
15385.384,0.84922994
15387.699,0.84537653
15390.015,0.85221834
15392.33,0.82626161
15394.646,0.81385215
15396.962,0.81071188
15399.278,0.79901549
15401.594,0.79801433
15403.911,0.78845704
15406.227,0.79316004
15408.544,0.78431583
15410.861,0.77333261
15413.178,0.76947955
15415.496,0.76705255
15417.813,0.788155
15420.131,0.7878671
15422.449,0.77260597
15424.767,0.76518801
15427.085,0.7477879
15429.403,0.73466591
15431.722,0.72867407
15434.041,0.71983021
15436.36,0.73736784
15438.679,0.72068091
15440.998,0.68830774
15443.317,0.68374209
15445.637,0.6584991
15447.957,0.67175882
15450.277,0.65935012
15452.597,0.65621062
15454.917,0.67089646
15457.237,0.65135774
15459.558,0.67531281
15461.879,0.647218
15464.2,0.63623552
15466.521,0.66304273
15468.842,0.63280898
15471.164,0.65391215
15473.486,0.64649486
15475.807,0.63551254
15478.129,0.63736448
15480.452,0.61996511
15482.774,0.62395615
15485.097,0.59158358
15487.419,0.58559251
15489.742,0.59813979
15492.065,0.56505431
15494.389,0.57332358
15496.712,0.56661963
15499.036,0.54708148
15501.359,0.55107277
15503.683,0.53153468
15506.007,0.53623905
15508.332,0.51812706
15510.656,0.5235445
15512.981,0.51184968
15515.306,0.49088573
15517.631,0.50272038
15519.956,0.49530373
15522.281,0.48503506
15524.607,0.50542596
15526.932,0.49800941
15529.258,0.50342711
15531.584,0.47889832
15533.91,0.48289006
15536.237,0.48046472
15538.563,0.4830305
15540.89,0.48559631
15543.217,0.46891082
15545.544,0.47646778
15547.871,0.47261658
15550.199,0.45450516
15552.526,0.45136703
15554.854,0.42969061
15557.182,0.44223882
15559.51,0.43197066
15561.839,0.42811965
15564.167,0.42498168
15566.496,0.42255675
15568.824,0.4336791
15571.153,0.40986386
15573.483,0.41243012
15575.812,0.41285738
15578.142,0.40330249
15580.471,0.42226813
15582.801,0.40059209
15585.131,0.41456671
15587.461,0.3907517
15589.792,0.37477986
15592.122,0.38518951
15594.453,0.37634785
15596.784,0.3938877
15599.115,0.37720297
15601.446,0.36337032
15603.778,0.3773452
15606.109,0.35923454
15608.441,0.36251429
15610.773,0.3444037
15613.105,0.34839653
15615.438,0.36237156
15617.77,0.340696
15620.103,0.3432629
15622.435,0.33228259
15624.768,0.33128449
15627.102,0.33670354
15629.435,0.32643634
15631.769,0.3404116
15634.102,0.3550999
15636.436,0.34697183
15638.77,0.35738212
15641.104,0.34854111
15643.439,0.35110833
15645.773,0.34012834
15648.108,0.3241573
15650.443,0.32743762
15652.778,0.32572689
15655.113,0.31973812
15657.449,0.31874047
15659.784,0.2977785
15662.12,0.30533706
15664.456,0.28865322
15666.792,0.29122076
15669.129,0.28951026
15671.465,0.29920798
15673.802,0.30890574
15676.139,0.2943611
15678.476,0.29978085
15680.813,0.2980705
15683.15,0.27568283
15685.488,0.28324171
15687.825,0.27867941
15690.163,0.28980341
15692.501,0.28381515
15694.84,0.28067897
15697.178,0.27896885
15699.517,0.26371152
15701.855,0.27982678
15704.194,0.2695606
15706.533,0.26428554
15708.873,0.27327077
15711.212,0.26157866
15713.552,0.27127696
15715.892,0.2695671
15718.231,0.2642922
15720.572,0.27969469
15722.912,0.26301166
15725.252,0.27841422
15727.593,0.28026958
15729.934,0.27927291
15732.275,0.29324955
15734.616,0.28868788
15736.958,0.30337759
15739.299,0.29952901
15741.641,0.2814202
15743.983,0.29682302
15746.325,0.27871428
15748.667,0.29269114
15751.009,0.29454681
15753.352,0.28285528
15755.695,0.28399801
15758.038,0.27301955
15760.381,0.28628355
15762.724,0.27958324
15765.067,0.27145693
15767.411,0.29185115
15769.755,0.27089068
15772.099,0.29057196
15774.443,0.2895759
15776.787,0.27717168
15779.132,0.28045376
15781.477,0.2680496
15783.821,0.27347079
15786.166,0.25892765
15788.512,0.24866263
15790.857,0.25978801
15793.203,0.24310593
15795.548,0.2556574
15797.894,0.23255828
15800.24,0.22371944
15802.586,0.22985389
15804.933,0.22315415
15807.279,0.2314277
15809.626,0.223302
15811.973,0.23300165
15814.32,0.23485818
15816.668,0.2281586
15819.015,0.23785834
15821.363,0.23115882
15823.71,0.24085863
15826.058,0.2412893
15828.407,0.25098917
15830.755,0.25355894
15833.103,0.24472054
15835.452,0.24586436
15837.801,0.23274795
15840.15,0.24316099
15842.499,0.2386008
15844.849,0.23974474
15847.198,0.2458798
15849.548,0.23918067
15851.898,0.2346206
15854.248,0.21793936
15856.598,0.21623141
15858.949,0.22307964
15861.299,0.22065874
15863.65,0.225368
15866.001,0.22009511
15868.352,0.22979552
15870.703,0.22024463
15873.055,0.20998075
15875.406,0.21469017
15877.758,0.2008613
15880.11,0.19701463
15882.462,0.19744607
15884.815,0.19930356
15887.167,0.19474398
15889.52,0.19089744
15891.873,0.18277286
15894.226,0.16181408
15896.579,0.15511559
15898.932,0.1641034
15901.286,0.15883099
15903.64,0.17352297
15905.994,0.18108485
15908.348,0.18009062
15910.702,0.16269713
15913.056,0.16455501
15915.411,0.16712593
15917.766,0.15614965
15920.121,0.16442474
15922.476,0.17911697
15924.831,0.17313187
15927.187,0.17427693
15929.542,0.18112612
15931.898,0.18726233
15934.254,0.19125953
15936.61,0.21522112
15938.967,0.22207044
15941.323,0.23034581
15943.68,0.26286364
15946.037,0.24333159
15948.394,0.23734682
15950.751,0.23920521
15953.108,0.2282294
15955.466,0.23650497
15957.824,0.21269501
15960.181,0.22667474
15962.54,0.20500388
15964.898,0.20614945
15967.256,0.20586902
15969.615,0.17635512
15971.974,0.21956852
15974.333,0.22927037
15976.692,0.21829489
15979.051,0.23512692
15981.411,0.20062209
15983.77,0.22173227
15986.13,0.20291377
15988.49,0.19692954
15990.85,0.20235353
15993.211,0.19922141
15995.571,0.21106258
15997.932,0.20008739
16000.293,0.18554716
16002.654,0.20879663
16005.015,0.20423864
16007.376,0.21251491
16009.738,0.21722615
16012.1,0.21409429
16014.462,0.24162199
16016.824,0.24276826
16019.186,0.22751528
16021.548,0.22937463
16023.911,0.20984363
16026.274,0.21598112
16028.637,0.21356249
16031,0.21043088
16033.363,0.22155955
16035.727,0.21628897
16038.09,0.22527867
16040.454,0.20717392
16042.818,0.20618151
16045.182,0.20732816
16047.547,0.20490979
16049.911,0.22102977
16052.276,0.22288953
16054.641,0.23615753
16057.006,0.23873037
16059.371,0.24059023
16061.737,0.24815422
16064.102,0.23931896
16066.468,0.24545699
16068.834,0.23662179
16071.2,0.26272424
16073.566,0.25460211
16075.933,0.25147111
16078.299,0.240497
16080.666,0.21740171
16083.033,0.24065227
16085.4,0.23181729
16087.767,0.21656523
16090.135,0.23125973
16092.503,0.22242485
16094.87,0.22856327
16097.238,0.21616339
16099.607,0.22943199
16101.975,0.22701435
16104.344,0.23957001
16106.712,0.24428256
16109.081,0.22332669
16111.45,0.24871666
16113.819,0.25556835
16116.189,0.24102969
16118.558,0.26285469
16120.928,0.25259417
16123.298,0.25516791
16125.668,0.26201975
16128.039,0.2617415
16130.409,0.27144546
16132.78,0.27615836
16135.15,0.27730623
16137.521,0.27488907
16139.893,0.26748085
16142.264,0.27647195
16144.635,0.2690638
16147.007,0.26236869
16149.379,0.26993387
16151.751,0.25468267
16154.123,0.24656164
16156.495,0.24984883
16158.868,0.23103267
16161.241,0.24644114
16163.614,0.22619902
16165.987,0.22520827
16168.36,0.23419973
16170.733,0.21609674
16173.107,0.23364441
16175.481,0.22837571
16177.855,0.23023717
16180.229,0.25277602
16182.603,0.21969993
16184.978,0.22869161
16187.352,0.21629294
16189.727,0.21744155
16192.102,0.21431211
16194.477,0.20048752
16196.852,0.20734032
16199.228,0.20207194
16201.604,0.18183033
16203.979,0.18654419
16206.355,0.17913686
16208.732,0.20238911
16211.108,0.19284282
16213.485,0.17545342
16215.861,0.17874141
16218.238,0.18202944
16220.615,0.18389147
16222.993,0.1950227
16225.37,0.19403274
16227.748,0.20944211
16230.125,0.21059126
16232.503,0.20603634
16234.881,0.20647254
16237.26,0.20690877
16239.638,0.21304913
16242.017,0.21918953
16244.396,0.21178272
16246.775,0.20294991
16249.154,0.21051643
16251.533,0.19740562
16253.913,0.19570303
16256.292,0.20540868
16258.672,0.20085411
16261.052,0.19701259
16263.432,0.20885737
16265.813,0.21357206
16268.193,0.19903545
16270.574,0.21444539
16272.955,0.2205862
16275.336,0.20248462
16277.717,0.22431177
16280.099,0.21120133
16282.48,0.20094299
16284.862,0.19852781
16287.244,0.19682567
16289.626,0.18371537
16292.009,0.17773522
16294.391,0.18530235
16296.774,0.18787841
16299.156,0.18475041
16301.539,0.19802173
16303.923,0.19132873
16306.306,0.20032204
16308.689,0.19362911
16311.073,0.18337114
16313.457,0.18808647
16315.841,0.18709773
16318.225,0.18753505
16320.61,0.20009361
16322.994,0.18484472
16325.379,0.18528213
16327.764,0.16504221
16330.149,0.15121944
16332.534,0.16092611
16334.92,0.15851161
16337.305,0.16893135
16339.691,0.1543957
16342.077,0.16125045
16344.463,0.16026209
16346.849,0.14857858
16349.236,0.15757246
16351.623,0.15373215
16354.009,0.17698635
16356.396,0.1845543
16358.784,0.17643601
16361.171,0.17901294
16363.558,0.17802484
16365.946,0.18630594
16368.334,0.18460489
16370.722,0.19074701
16373.11,0.18619397
16375.499,0.18164097
16377.887,0.18421813
16380.276,0.16183987
16382.665,0.16869517
16385.054,0.16628133
16387.443,0.16743259
16389.833,0.17927906
16392.222,0.1754393
16394.612,0.18657282
16397.002,0.19057626
16399.392,0.1988578
16401.783,0.20357431
16404.173,0.20258675
16406.564,0.21514646
16408.955,0.20845487
16411.346,0.21103247
16413.737,0.21574914
16416.128,0.20691861
16418.52,0.20878329
16420.911,0.20351789
16423.303,0.19254841
16425.695,0.18728306
16428.088,0.18986089
16430.48,0.206699
16432.872,0.19216459
16435.265,0.19973359
16437.658,0.20231155
16440.051,0.19205531
16442.445,0.19605935
16444.838,0.18651618
16447.232,0.18624221
16449.625,0.19595045
16452.019,0.1871204
16454.414,0.20395882
16456.808,0.18015557
16459.202,0.20911527
16461.597,0.19244221
16463.992,0.19715955
16466.387,0.20758102
16468.782,0.19304709
16471.177,0.22129394
16473.573,0.21175116
16475.969,0.20506046
16478.365,0.21976017
16480.761,0.18312301
16483.157,0.19710977
16485.553,0.19113221
16487.95,0.20155397
16490.347,0.18416828
16492.744,0.18532094
16495.141,0.20786401
16497.538,0.17407912
16499.935,0.19519623
16502.333,0.19420999
16504.731,0.1889457
16507.129,0.22004507
16509.527,0.20907675
16511.925,0.2066646
16514.324,0.20710454
16516.722,0.21681367
16519.121,0.21440162
16521.52,0.1998684
16523.919,0.2081516
16526.319,0.20217458
16528.718,0.19904965
16531.118,0.20376789
16533.518,0.18424373
16535.918,0.19110107
16538.318,0.19225434
16540.719,0.18841655
16543.119,0.1845788
16545.52,0.17574999
16547.921,0.17547736
16550.322,0.19944719
16552.723,0.1806363
16555.125,0.20032812
16557.526,0.19720357
16559.928,0.19764412
16562.33,0.2102059
16564.732,0.17428288
16567.135,0.18399268
16569.537,0.19227649
16571.94,0.18986514
16574.343,0.2088442
16576.746,0.18646857
16579.149,0.21186481
16581.552,0.19947142
16583.956,0.19492119
16586.36,0.20534427
16588.764,0.19865507
16591.168,0.22333845
16593.572,0.22021438
16595.976,0.20496913
16598.381,0.21029158
16600.786,0.20952603
16603.191,0.2081572
16605.596,0.21101162
16608.001,0.2011964
16610.407,0.21008407
16612.812,0.20569877
16615.218,0.21337987
16617.624,0.2011515
16620.03,0.20340279
16622.436,0.20022426
16624.843,0.20066567
16627.25,0.20231374
16629.657,0.18887889
16632.064,0.19837017
16634.471,0.19036525
16636.878,0.19080682
16639.286,0.19486833
16641.693,0.19892987
16644.101,0.21143789
16646.509,0.19920991
16648.918,0.2050815
16651.326,0.20552326
16653.735,0.19631195
16656.143,0.20339028
16658.552,0.20443545
16660.962,0.21815034
16663.371,0.22040221
16665.78,0.20576121
16668.19,0.20921978
16670.6,0.21267839
16673.01,0.20165739
16675.42,0.19365301
16677.83,0.19047521
16680.241,0.18790076
16682.652,0.20101262
16685.062,0.20748801
16687.473,0.20551697
16689.885,0.21742229
16692.296,0.19312854
16694.708,0.18331447
16697.119,0.18979001
16699.531,0.18178596
16701.943,0.18403834
16704.356,0.1844808
16706.768,0.1819067
16709.181,0.17993596
16711.593,0.18460174
16714.006,0.16272156
16716.419,0.16919736
16718.833,0.16783006
16721.246,0.15198315
16723.66,0.16147564
16726.074,0.16674494
16728.488,0.17201427
16730.902,0.18030022
16733.316,0.17832979
16735.731,0.17816935
16738.145,0.17800894
16740.56,0.19353483
16742.975,0.18915126
16745.391,0.19683409
16747.806,0.19908708
16750.222,0.18867042
16752.637,0.19876661
16755.053,0.19196992
16757.469,0.19663632
16759.886,0.19707951
16762.302,0.19390283
16764.719,0.1913295
16767.135,0.18996284
16769.552,0.19764598
16771.97,0.18481634
16774.387,0.19913604
16776.804,0.19475292
16779.222,0.18735323
16781.64,0.20589626
16784.058,0.18582696
16786.476,0.19532028
16788.894,0.18249086
16791.313,0.18776102
16793.732,0.19061794
16796.151,0.17597865
16798.57,0.17400909
16800.989,0.16721301
16803.408,0.17127669
16805.828,0.15663754
16808.248,0.15225483
16810.667,0.15511197
16813.088,0.15133264
16815.508,0.16082635
16817.928,0.16187363
16820.349,0.16714417
16822.77,0.1579351
16825.191,0.14993271
16827.612,0.16787303
16830.033,0.15564747
16832.455,0.15790158
16834.876,0.15472586
16837.298,0.15758335
16839.72,0.16707737
16842.142,0.1590752
16844.565,0.16012283
16846.987,0.15393068
16849.41,0.15618501
16851.833,0.15843938
16854.256,0.16250373
16856.679,0.16596479
16859.102,0.15253298
16861.526,0.16625052
16863.95,0.15643868
16866.374,0.15386669
16868.798,0.15551796
16871.222,0.14992945
16873.647,0.15580401
16876.071,0.16650515
16878.496,0.16212337
16880.921,0.16317148
16883.346,0.1636163
16885.771,0.15621803
16888.197,0.16390273
16890.623,0.16434766
16893.048,0.1611727
16895.475,0.17308073
16897.901,0.17593902
16900.327,0.17457412
16902.754,0.17924243
16905.18,0.16822449
16907.607,0.16022318
16910.034,0.17273473
16912.462,0.17438657
16914.889,0.17905504
16917.317,0.18251691
16919.744,0.17572239
16922.172,0.17978764
16924.6,0.17118323
16927.029,0.16318218
16929.457,0.16724752
16931.886,0.17251953
16934.315,0.16813848
16936.744,0.17642715
16939.173,0.16299639
16941.602,0.16525194
16944.032,0.15423452
16946.461,0.14321713
16948.891,0.14547277
16951.321,0.13807535
16953.751,0.15601734
16956.182,0.14500007
16958.612,0.15027244
16961.043,0.15192492
16963.474,0.13185798
16965.905,0.13954371
16968.336,0.13998966
16970.768,0.139229
16973.199,0.14027832
16975.631,0.13650114
16978.063,0.14117043
16980.495,0.14523645
16982.927,0.1396494
16985.36,0.12259934
16987.792,0.13511191
16990.225,0.13676477
16992.658,0.13540108
16995.091,0.14188056
16997.525,0.13207048
16999.958,0.13010356
17002.392,0.14020305
17004.826,0.13461629
17007.26,0.13868265
17009.694,0.13490591
17012.128,0.1178562
17014.563,0.12795585
17016.998,0.12236925
17019.433,0.12703909
17021.868,0.13472556
17024.303,0.11827933
17026.738,0.12656917
17029.174,0.13063583
17031.61,0.13470251
17034.046,0.13092609
17036.482,0.12473643
17038.918,0.12216671
17041.355,0.12442356
17043.791,0.13754018
17046.228,0.14402033
17048.665,0.14507065
17051.102,0.15034423
17053.539,0.13510501
17055.977,0.14098197
17058.415,0.14022246
17060.853,0.15092603
17063.291,0.1507699
17065.729,0.15483703
17068.167,0.16433406
17070.606,0.1732278
17073.045,0.1760884
17075.483,0.16869261
17077.922,0.16310681
17080.362,0.17019072
17082.801,0.16701826
17085.241,0.1728956
17087.681,0.17877297
17090.121,0.18344374
17092.561,0.17846145
17095.001,0.18494224
17097.441,0.17513347
17099.882,0.18523423
17102.323,0.18507861
17104.764,0.1740633
17107.205,0.19502389
17109.646,0.19426505
17112.088,0.1989361
17114.53,0.19516074
17116.972,0.19259204
17119.414,0.20872624
17121.856,0.1995211
17124.298,0.20238237
17126.741,0.19076402
17129.184,0.20448508
17131.626,0.1995033
17134.07,0.19029832
17136.513,0.20522611
17138.956,0.20446765
17141.4,0.20370923
17143.844,0.20536411
17146.288,0.20581239
17148.732,0.21410383
17151.176,0.21515549
17153.621,0.21319059
17156.065,0.22449872
17158.51,0.22856707
17160.955,0.2211724
17163.4,0.23248063
17165.846,0.23594575
17168.291,0.25087396
17170.737,0.25373582
17173.183,0.259011
17175.629,0.25463311
17178.075,0.25387517
17180.521,0.26277035
17182.968,0.25959919
17185.415,0.27030439
17187.862,0.2737698
17190.309,0.27120206
17192.756,0.28552727
17195.203,0.28597618
17197.651,0.30150809
17200.099,0.30195707
17202.547,0.29757953
17204.995,0.31190489
17207.443,0.32502365
17209.892,0.33512585
17212.34,0.3524679
17214.789,0.35352039
17217.238,0.36181273
17219.687,0.3664852
17222.137,0.39589374
17224.586,0.41021936
17227.036,0.42032178
17229.486,0.43163087
17231.936,0.43449354
17234.386,0.44640601
17236.837,0.45168202
17239.287,0.45454478
17241.738,0.48154031
17244.189,0.47897327
17246.64,0.48243945
17249.091,0.50641848
17251.543,0.49902499
17253.994,0.49947467
17256.446,0.50052771
17258.898,0.49554759
17261.35,0.49961728
17263.803,0.50187704
17266.255,0.50232688
17268.708,0.50157012
17271.161,0.49055698
17273.614,0.48799033
17276.067,0.48783698
17278.52,0.5021633
17280.974,0.48330715
17283.427,0.49401363
17285.881,0.50110023
17288.335,0.49189726
17290.79,0.50863702
17293.244,0.50365735
17295.699,0.50591753
17298.153,0.51602088
17300.608,0.51707448
17303.063,0.55010399
17305.519,0.54090125
17307.974,0.53531846
17310.43,0.53275228
17312.886,0.53380605
17315.342,0.5366698
17317.798,0.54436014
17320.254,0.55084386
17322.711,0.54103803
17325.167,0.54450523
17327.624,0.53771605
17330.081,0.53032359
17332.538,0.53258425
17334.996,0.50950557
17337.453,0.50814639
17339.911,0.51945691
17342.369,0.51206461
17344.827,0.51734202
17347.285,0.50150332
17349.744,0.47480493
17352.202,0.47042935
17354.661,0.46424384
17357.12,0.45081854
17359.579,0.4579061
17362.038,0.452324
17364.498,0.45277512
17366.957,0.44658978
17369.417,0.43919782
17371.877,0.43120258
17374.337,0.41657088
17376.798,0.41098897
17379.258,0.41566351
17381.719,0.41551154
17384.18,0.42018614
17386.641,0.41339773
17389.102,0.41203922
17391.563,0.40344091
17394.025,0.39785923
17396.487,0.40132736
17398.949,0.40298556
17401.411,0.4112803
17403.873,0.4075087
17406.335,0.41580351
17408.798,0.42530497
17411.261,0.41550029
17413.724,0.4075056
17416.187,0.40735407
17418.65,0.40418598
17421.114,0.41127434
17423.577,0.42318927
17426.041,0.41278146
17428.505,0.40056373
17430.969,0.40101571
17433.434,0.40146773
17435.898,0.39769655
17438.363,0.39814862
17440.828,0.39860073
17443.293,0.40930929
17445.758,0.42303446
17448.223,0.4114203
17450.689,0.40463272
17453.155,0.3954319
17455.62,0.3693382
17458.087,0.38065026
17460.553,0.3768794
17463.019,0.38034839
17465.486,0.36330459
17467.953,0.35229401
17470.42,0.34430005
17472.887,0.32725634
17475.354,0.3210724
17477.822,0.31609513
17480.289,0.30206811
17482.757,0.31217386
17485.225,0.31322986
17487.693,0.32031908
17490.162,0.31715192
17492.63,0.31157152
17495.099,0.30357788
17497.568,0.31549377
17500.037,0.32499642
17502.506,0.33329247
17504.975,0.32228236
17507.445,0.32575192
17509.915,0.32017175
17512.384,0.32424469
17514.855,0.32288781
17517.325,0.32575418
17519.795,0.32862059
17522.266,0.32545384
17524.737,0.33133691
17527.208,0.32696359
17529.679,0.33043344
17532.15,0.31701041
17534.622,0.31987701
17537.093,0.33661996
17539.565,0.31535389
17542.037,0.3188239
17544.509,0.31445081
17546.982,0.32214411
17549.454,0.32259763
17551.927,0.30615827
17554.4,0.30540521
17556.873,0.298619
17559.346,0.30389919
17561.819,0.29711305
17564.293,0.30359994
17566.767,0.30043377
17569.241,0.29425104
17571.715,0.3031513
17574.189,0.30360514
17576.663,0.32517515
17579.138,0.30933945
17581.613,0.29833034
17584.088,0.29938762
17586.563,0.29320512
17589.038,0.29908901
17591.514,0.28566675
17593.989,0.27586443
17596.465,0.28235173
17598.941,0.27013621
17601.417,0.27300367
17603.894,0.28009439
17606.37,0.26968891
17608.847,0.25687019
17611.324,0.25913446
17613.801,0.26079544
17616.278,0.27753942
17618.756,0.27135733
17621.233,0.27060513
17623.711,0.2873492
17626.189,0.2841838
17628.667,0.27800184
17631.145,0.28388627
17633.624,0.27589442
17636.102,0.27996896
17638.581,0.27378713
17641.06,0.26941528
17643.539,0.26987001
17646.019,0.25282854
17648.498,0.25509329
17650.978,0.2615813
17653.458,0.24092002
17655.938,0.24318487
17658.418,0.24605306
17660.898,0.24650802
17663.379,0.23489664
17665.859,0.23293838
17668.34,0.21529389
17670.821,0.2199722
17673.303,0.23068372
17675.784,0.2456185
17678.266,0.26899977
17680.747,0.26221517
17683.229,0.26508368
17685.711,0.28846505
17688.194,0.28168053
17690.676,0.27911928
17693.159,0.27776469
17695.642,0.28847651
17698.125,0.29194853
17700.608,0.29602391
17703.091,0.29285949
17705.575,0.29090175
17708.058,0.27084449
17710.542,0.25923372
17713.026,0.26994575
17715.51,0.25531846
17717.995,0.2443111
17720.479,0.23873364
17722.964,0.2361728
17725.449,0.23481863
17727.934,0.22079481
17730.419,0.22064734
17732.905,0.22110322
17735.39,0.23121222
17737.876,0.22322171
17740.362,0.2272976
17742.848,0.23258015
17745.334,0.2167466
17747.821,0.22987236
17750.307,0.22731187
17752.794,0.22173482
17755.281,0.23124076
17757.768,0.23592019
17760.256,0.25266602
17762.743,0.25794883
17765.231,0.2541819
17767.719,0.25524154
17770.207,0.25449127
17772.695,0.25736093
17775.183,0.25962731
17777.672,0.24862072
17780.161,0.24847389
17782.65,0.24953373
17785.139,0.24576705
17787.628,0.25406677
17790.117,0.2418537
17792.607,0.23507053
17795.097,0.22044425
17797.587,0.23839719
17800.077,0.23583735
17802.567,0.23508749
17805.058,0.23554429
17807.548,0.22272813
17810.039,0.23344141
17812.53,0.23088172
17815.021,0.2391818
17817.513,0.24929186
17820.004,0.23768249
17822.496,0.24477602
17824.988,0.23075345
17827.48,0.23603709
17829.972,0.22563448
17832.464,0.21161201
17834.957,0.21930902
17837.45,0.19925342
17839.942,0.20695049
17842.436,0.20921773
17844.929,0.20967505
17847.422,0.19746272
17849.916,0.19249024
17852.41,0.19053438
17854.904,0.18254537
17857.398,0.19024267
17859.892,0.19974995
17862.386,0.19960417
17864.881,0.20368166
17867.376,0.20172599
17869.871,0.2045969
17872.366,0.20626121
17874.861,0.20128904
17877.357,0.19511028
17879.853,0.20522114
17882.349,0.2111088
17884.845,0.21458322
17887.341,0.21383444
17889.837,0.21006911
17892.334,0.20389053
17894.831,0.20736508
17897.327,0.20480648
17899.825,0.20767778
17902.322,0.20873915
17904.819,0.20437069
17907.317,0.1981923
17909.815,0.19442722
17912.313,0.20031527
17914.811,0.17664075
17917.309,0.1837355
17919.808,0.20048337
17922.306,0.19792509
17924.805,0.19295356
17927.304,0.16807257
17929.803,0.17758075
17932.303,0.16416286
17934.802,0.16944788
17937.302,0.17231965
17939.802,0.17217487
17942.302,0.18590643
17944.802,0.1688688
17947.302,0.1916502
17949.803,0.18185245
17952.304,0.16964146
17954.805,0.17673669
17957.306,0.18684854
17959.807,0.19575378
17962.308,0.19017942
17964.81,0.19546481
17967.312,0.18566729
17969.814,0.18733284
17972.316,0.18598183
17974.818,0.18101095
17977.321,0.19051974
17979.823,0.1783091
17982.326,0.18178476
17984.829,0.16716091
17987.332,0.16943001
17989.836,0.17109582
17992.339,0.16250525
17994.843,0.17201426
17997.347,0.17126689
17999.851,0.17594941
18002.355,0.18002865
18004.86,0.1865212
18007.364,0.18758391
18009.869,0.18140684
18012.374,0.17884971
18014.879,0.17508597
18017.384,0.1858019
18019.89,0.18324487
18022.395,0.1686215
18024.901,0.17270103
18027.407,0.160491
18029.913,0.16095068
18032.42,0.15296394
18034.926,0.14558055
18037.433,0.12975073
18039.94,0.13503709
18042.447,0.14032348
18044.954,0.15103976
18047.461,0.14184658
18049.969,0.1417032
18052.476,0.14216317
18054.984,0.1402099
18057.492,0.1527363
18060.001,0.15379968
18062.509,0.14943323
18065.018,0.16376968
18067.526,0.15759334
18070.035,0.1634834
18072.544,0.15489385
18075.054,0.14992425
18077.563,0.14676463
18080.073,0.1490349
18082.583,0.14527203
18085.093,0.14935232
18087.603,0.15101938
18090.113,0.14424001
18092.623,0.13987395
18095.134,0.13550791
18097.645,0.12691868
18100.156,0.12798258
18102.667,0.12904651
18105.179,0.13252374
18107.69,0.12393464
18110.202,0.11715553
18112.714,0.12063285
18115.226,0.11868035
18117.738,0.11672788
18120.251,0.11658539
18122.763,0.11583962
18125.276,0.12535029
18127.789,0.13063777
18130.302,0.1401485
18132.815,0.13698958
18135.329,0.14107052
18137.842,0.13851498
18140.356,0.14199266
18142.87,0.15090024
18145.384,0.13989835
18147.899,0.13492967
18150.413,0.12332452
18152.928,0.12438908
18155.443,0.12123045
18157.958,0.11686522
18160.473,0.1118967
18162.988,0.094861847
18165.504,0.10195976
18168.02,0.098197968
18170.535,0.083576484
18173.052,0.093087762
18175.568,0.078466341
18178.084,0.080737864
18180.601,0.091455874
18183.118,0.089504233
18185.635,0.087552623
18188.152,0.084997728
18190.669,0.080029591
18193.186,0.075061486
18195.704,0.079143187
18198.222,0.075381783
18200.74,0.077050275
18203.258,0.092595118
18205.776,0.096073629
18208.295,0.099552171
18210.814,0.10785729
18213.332,0.094442987
18215.851,0.096714989
18218.371,0.10743348
18220.89,0.10970554
18223.41,0.11499423
18225.929,0.11424977
18228.449,0.12255512
18230.969,0.12603395
18233.49,0.11985972
18236.01,0.1263552
18238.531,0.11173458
18241.051,0.11762681
18243.572,0.11989916
18246.094,0.12941137
18248.615,0.13711365
18251.136,0.12068323
18253.658,0.13140217
18256.18,0.13186473
18258.702,0.14680696
18261.224,0.13942644
18263.746,0.12118623
18266.269,0.13250864
18268.792,0.11306186
18271.314,0.11714452
18273.837,0.11941725
18276.361,0.10600375
18278.884,0.11189646
18281.408,0.11054938
18283.931,0.11825211
18286.455,0.11147523
18288.979,0.095648614
18291.504,0.087061846
18294.028,0.090541475
18296.553,0.1193605
18299.077,0.11137715
18301.602,0.12028674
18304.128,0.12617977
18306.653,0.10733678
18309.178,0.12227965
18311.704,0.10705663
18314.23,0.10209006
18316.756,0.10556998
18319.282,0.099396835
18321.808,0.12097636
18324.335,0.10696015
18326.862,0.10440701
18329.388,0.089787536
18331.915,0.078788006
18334.443,0.076838282
18336.97,0.073078634
18339.498,0.078972111
18342.025,0.083055665
18344.553,0.075072886
18347.081,0.080363141
18349.61,0.068157198
18352.138,0.073447516
18354.667,0.069084775
18357.196,0.074978475
18359.725,0.077855616
18362.254,0.086765972
18364.783,0.095073042
18367.312,0.091917096
18369.842,0.085141273
18372.372,0.085605301
18374.902,0.081846133
18377.432,0.093169954
18379.963,0.095444032
18382.493,0.097718143
18385.024,0.094562421
18387.555,0.081753639
18390.086,0.083424527
18392.617,0.084492129
18395.148,0.066253579
18397.68,0.067321245
18400.212,0.071405533
18402.744,0.07005999
18405.276,0.069317797
18407.808,0.066805902
18410.34,0.051584135
18412.873,0.065120569
18415.406,0.062970761
18417.939,0.062389613
18420.472,0.067037254
18423.005,0.071684928
18425.539,0.07424113
18428.072,0.07104573
18430.606,0.082490885
18433.14,0.085047183
18435.675,0.088126389
18438.209,0.090159875
18440.743,0.093762021
18443.278,0.098932826
18445.813,0.10776379
18448.348,0.1207778
18450.883,0.11130818
18453.419,0.10863597
18455.954,0.11119256
18458.49,0.10590604
18461.026,0.11003132
18463.562,0.11520238
18466.098,0.11200746
18468.635,0.10410668
18471.171,0.10195758
18473.708,0.09928563
18476.245,0.10916273
18478.782,0.11067385
18481.32,0.10747913
18483.857,0.10114717
18486.395,0.10004401
18488.933,0.10050951
18491.471,0.096792033
18494.009,0.096211843
18496.547,0.096154561
18499.086,0.083548291
18501.625,0.087674079
18504.164,0.093891402
18506.703,0.096971502
18509.242,0.10005163
18511.781,0.094765786
18514.321,0.094185852
18516.861,0.09099157
18519.401,0.092503203
18521.941,0.099243626
18524.481,0.095003688
18527.021,0.099129796
18529.562,0.097504301
18532.103,0.096401715
18534.644,0.10000504
18537.185,0.11615742
18539.726,0.11400918
18542.268,0.10976947
18544.81,0.11075854
18547.351,0.098675755
18549.893,0.10437078
18552.436,0.094379558
18554.978,0.10059752
18557.521,0.10629264
18560.063,0.093687135
18562.606,0.10565683
18565.149,0.096711519
18567.693,0.10031526
18570.236,0.099213155
18572.78,0.097588203
18575.323,0.094917532
18577.867,0.085449508
18580.411,0.096373672
18582.956,0.091611594
18585.5,0.10358157
18588.045,0.10352544
18590.59,0.10503797
18593.135,0.11073353
18595.68,0.099697106
18598.225,0.10382411
18600.771,0.090696241
18603.316,0.094300431
18605.862,0.092153019
18608.408,0.096280149
18610.954,0.091518422
18613.501,0.086233852
18616.047,0.087223823
18618.594,0.084553695
18621.141,0.086589481
18623.688,0.085488045
18626.235,0.090138274
18628.783,0.083808144
18631.33,0.074863666
18633.878,0.076376736
18636.426,0.081027094
18638.974,0.086200359
18641.523,0.085622022
18644.071,0.094455481
18646.62,0.092831457
18649.168,0.10009635
18651.717,0.10422403
18654.267,0.11044323
18656.816,0.10045332
18659.366,0.10614972
18661.915,0.10452589
18664.465,0.10185634
18667.015,0.10702995
18669.565,0.11115785
18672.116,0.10482826
18674.666,0.099021581
18677.217,0.097920816
18679.768,0.09838871
18682.319,0.093627878
18684.87,0.1014161
18687.422,0.095086701
18689.973,0.095031847
18692.525,0.092362646
18695.077,0.094922234
18697.629,0.092775973
18700.182,0.098472881
18702.734,0.096849559
18705.287,0.094180517
18707.839,0.092034384
18710.393,0.089888282
18712.946,0.091402343
18715.499,0.087687678
18718.053,0.077698534
18720.606,0.079212691
18723.16,0.065040605
18725.714,0.071260708
18728.268,0.069637706
18730.823,0.066968984
18733.377,0.067437549
18735.932,0.059540133
18738.487,0.061054513
18741.042,0.051065658
18743.597,0.054671605
18746.153,0.062460591
18748.708,0.071295361
18751.264,0.078038659
18753.82,0.08216761
18756.376,0.082636463
18758.933,0.07526221
18761.489,0.084620015
18764.046,0.077768702
18766.603,0.085035068
18769.16,0.082889701
18771.717,0.082835869
18774.274,0.096376841
18776.832,0.082728302
18779.389,0.089471951
18781.947,0.090463999
18784.505,0.073678301
18787.064,0.081467798
18789.622,0.070956674
18792.181,0.058876954
18794.739,0.071895305
18797.298,0.061907153
18799.857,0.058716418
18802.417,0.066506106
18804.976,0.053380795
18807.536,0.05332741
18810.096,0.055888437
18812.655,0.040148842
18815.216,0.03172954
18817.776,0.033767787
18820.336,0.030054432
18822.897,0.036798625
18825.458,0.026287948
18828.019,0.029372074
18830.58,0.030887604
18833.142,0.025605781
18835.703,0.034441637
18838.265,0.032297133
18840.827,0.029106909
18843.389,0.033236978
18845.951,0.03736708
18848.513,0.032085448
18851.076,0.038307117
18853.639,0.060215092
18856.202,0.052842053
18858.765,0.058018066
18861.328,0.052213719
18863.892,0.051115285
18866.455,0.050016884
18869.019,0.055193025
18871.583,0.061414949
18874.147,0.057179389
18876.711,0.053466736
18879.276,0.048708364
18881.841,0.047087279
18884.405,0.037100212
18886.97,0.037570694
18889.536,0.047452973
18892.101,0.036943127
18894.667,0.039505208
18897.232,0.034224183
18899.798,0.03155757
18902.364,0.030459616
18904.93,0.028315943
18907.497,0.034538314
18910.063,0.019322809
18912.63,0.030251127
18915.197,0.031244836
18917.764,0.031192825
18920.332,0.038983984
18922.899,0.039977789
18925.467,0.043063129
18928.035,0.032030854
18930.602,0.030410376
18933.171,0.032972936
18935.739,0.035535528
18938.307,0.042804035
18940.876,0.052164077
18943.445,0.056295392
18946.014,0.047354844
18948.583,0.04939472
18951.153,0.038885609
18953.722,0.046677183
18956.292,0.0455799
18958.862,0.036639512
18961.432,0.040771051
18964.002,0.038105236
18966.573,0.045374094
18969.143,0.04689135
18971.714,0.045271383
18974.285,0.047311579
18976.856,0.043077296
18979.427,0.032568536
18981.999,0.0330402
18984.57,0.033511896
18987.142,0.042872513
18989.714,0.047004404
18992.286,0.042247437
18994.859,0.043242137
18997.431,0.032733601
19000.004,0.034774116
19002.577,0.031585905
19005.15,0.020554588
19007.723,0.024163827
19010.296,0.012609698
19012.87,0.006807236
19015.444,0.009893695
19018.018,0.014548812
19020.592,0.015543831
19023.166,0.007649994
19025.74,0.003416318
19028.315,0.004411433
19030.89,0.001223574
19033.465,0.003264504
19036.04,0.007919846
19038.615,0.006823585
19041.191,0.003112978
19043.766,0.001493905
19046.342,-0.001693763
19048.918,-0.001744144
19051.494,0.008140148
19054.071,0.0044297
19056.647,-0.000849344
19059.224,-0.0029911
19061.801,-0.00199557
19064.378,0.001614371
19066.955,-0.003664544
19069.532,0.001514088
19072.11,-0.003241888
19074.688,-0.001723322
19077.266,0.001363904
19079.844,-0.000254722
19082.422,0.01381296
19085,0.007488516
19087.579,0.018941882
19090.158,0.003205738
19092.737,0.010999037
19095.316,0.014609362
19097.895,0.002010568
19100.475,0.010326839
19103.054,-0.00227189
19105.634,0.008658824
19108.214,-0.00123884
19110.794,0.001935429
19113.375,0.006155488
19115.955,-0.005833566
19118.536,-4.48E-05
19121.117,-0.014648161
19123.698,-0.010427951
19126.279,-0.009344958
19128.86,-0.005647548
19131.442,-0.016590623
19134.024,-0.019690523
19136.606,-0.005012608
19139.188,-0.011249687
19141.77,-0.000231827
19144.352,-0.005945955
19146.935,-0.005385535
19149.518,0.001972308
19152.101,-0.004264583
19154.684,0.007276342
19157.267,0.008359789
19159.851,0.011534776
19162.434,0.013141174
19165.018,0.010041728
19167.602,0.015308332
19170.186,0.021620726
19172.771,0.031070412
19175.355,0.02378811
19177.94,0.026963363
19180.525,0.02543277
19183.11,0.015013327
19185.695,0.029169085
19188.281,0.017181089
19190.866,0.017742151
19193.452,0.017780376
19196.038,0.013112755
19198.624,0.027268702
19201.21,0.020509654
19203.797,0.029959794
19206.383,0.021632194
19208.97,0.010690253
19211.557,0.017526127
19214.144,0.014950274
19216.732,0.027537858
19219.319,0.022347702
19221.907,0.02134059
19224.495,0.01615051
19227.083,0.014097722
19229.671,0.018842358
19232.259,0.014175266
19234.848,0.011599716
19237.436,0.004841197
19240.025,0.009063108
19242.614,0.001258913
19245.204,0.001297893
19247.793,0.005519918
19250.383,-0.006990046
19252.972,-0.005905201
19255.562,-0.013186331
19258.152,-0.016807293
19260.743,0.002578319
19263.333,-0.001565443
19265.924,0.00474835
19268.514,0.007402049
19271.105,0.001166897
19273.697,0.008003679
19276.288,0.000722851
19278.879,0.002853826
19281.471,0.003416211
19284.063,0.005024385
19286.655,0.013952859
19289.247,0.00667222
19291.84,0.014032142
19294.432,0.010934585
19297.025,0.016725956
19299.618,0.012059847
19302.211,0.003733646
19304.804,0.004296371
19307.397,0.006427761
19309.991,0.010127817
19312.585,0.01644229
19315.179,0.018050918
19317.773,0.018090956
19320.367,0.017085281
19322.962,0.016079643
19325.556,0.014551168
19328.151,0.018251488
19330.746,0.012017206
19333.341,0.009443092
19335.936,0.011574898
19338.532,0.00900086
19341.128,0.015315748
19343.724,0.020584923
19346.32,0.016965246
19348.916,0.022234496
19351.512,0.020183523
19354.109,0.009766574
19356.705,0.015035938
19359.302,0.01141645
19361.899,0.014594386
19364.497,0.019863863
19367.094,0.01363011
19369.692,0.014716656
19372.289,0.016326116
19374.887,0.011661103
19377.485,0.006996129
19380.084,0.010697205
19382.682,0.004986554
19385.281,0.006596203
19387.88,-0.002774503
19390.479,-0.005347785
19393.078,0.000967859
19395.677,-0.010494236
19398.277,-0.012021653
19400.876,-0.016686288
19403.476,-0.019259381
19406.076,-0.008237665
19408.677,-0.007150552
19411.277,-0.002403271
19413.877,-0.004453337
19416.478,0.000816896
19419.079,-0.003324598
19421.68,-0.006420303
19424.281,-0.004810087
19426.883,-0.003199834
19429.484,0.002070588
19432.086,0.002571031
19434.688,0.008300264
19437.29,0.010892277
19439.893,0.009301316
19442.495,0.009801893
19445.098,0.002459365
19447.701,0.014463276
19450.304,0.003983561
19452.907,0.002392768
19455.51,0.004462139
19458.114,-0.000265842
19460.717,0.011738237
19463.321,0.009624703
19465.925,0.01640009
19468.529,0.002783354
19471.134,0.003284299
19473.738,0.003785278
19476.343,0.001149034
19478.948,0.010016093
19481.553,0.005811289
19484.158,0.013109787
19486.764,-0.000506714
19489.369,0.004700348
19491.975,0.015136201
19494.581,0.004657055
19497.187,0.013524348
19499.794,-0.005843619
19502.4,-0.016322665
19505.007,-0.008501023
19507.614,-0.013228367
19510.221,-0.005406658
19512.828,-0.00333655
19515.435,-0.005972291
19518.043,-0.002333488
19520.65,-0.006014913
19523.258,-0.009173429
19525.866,-0.000828643
19528.474,-0.000849837
19531.083,0.003312009
19533.691,0.012702647
19536.3,0.004838416
19538.909,0.015797749
19541.518,0.014730971
19544.127,0.00948122
19546.737,0.02828379
19549.346,0.014145217
19551.956,0.028764847
19554.566,0.022992354
19557.176,0.02035715
19559.787,0.030270999
19562.397,0.010903835
19565.008,0.01715762
19567.619,0.013476798
19570.23,-0.001184383
19572.841,0.004546627
19575.452,-0.00227135
19578.064,-0.000200404
19580.675,-0.000743803
19583.287,-0.005993052
19585.899,-0.01333377
19588.512,-0.008648311
19591.124,-0.015466086
19593.737,-0.014963567
19596.349,-0.009232256
19598.962,-0.021278689
19601.575,-0.00561267
19604.189,-0.008770147
19606.802,-0.010881839
19609.416,0.010535914
19612.029,0.001104028
19614.643,0.007358449
19617.258,0.00786127
19619.872,0.005749746
19622.486,0.012527144
19625.101,0.010938562
19627.716,0.013398656
19630.331,0.002786879
19632.946,0.008907152
19635.561,0.003524182
19638.177,0.009644505
19640.793,0.008967466
19643.409,-0.001121312
19646.025,0.002907581
19648.641,-0.016592913
19651.257,-0.01517835
19653.874,-0.009580756
19656.491,-0.003460262
19659.108,0.00736614
19661.725,0.006689298
19664.342,0.010718363
19666.959,0.001675557
19669.577,0.00831905
19672.195,0.011825312
19674.813,0.009579966
19677.431,0.01779216
19680.049,0.016592614
19682.668,0.026896361
19685.286,0.024651112
19687.905,0.032863404
19690.524,0.030618205
19693.144,0.026281527
19695.763,0.021944873
19698.382,0.028588637
19701.002,0.020069026
19703.622,0.017823949
19706.242,0.034402426
19708.862,0.020654131
19711.483,0.018932004
19714.103,0.017209901
19716.724,0.008690438
19719.345,0.016903025
19721.966,0.006292107
19724.587,0.004047227
19727.209,0.003370999
19729.831,0.003217671
19732.452,0.00777025
19735.074,0.00395684
19737.697,-0.005608178
19740.319,-9.77E-06
19742.941,0.0024514
19745.564,-0.006590669
19748.187,0.001099312
19750.81,-9.96E-05
19753.433,-0.001821305
19756.057,-0.003543015
19758.68,-0.006310452
19761.304,-0.003849106
19763.928,-0.002433487
19766.552,-0.000494968
19769.176,0.005626583
19771.8,-0.000277986
19774.425,9.20E-05
19777.05,0.002030597
19779.675,-0.000736644
19782.3,0.004339278
19784.925,0.006277969
19787.551,0.003510802
19790.176,0.005972418
19792.802,-0.000977706
19795.428,0.007758469
19798.054,-0.00128311
19800.681,0.003792984
19803.307,0.013574984
19805.934,0.005056355
19808.561,0.003858013
19811.188,-0.004137691
19813.815,-0.005335985
19816.442,0.002354635
19819.07,-0.003026617
19821.698,-0.004224837
19824.325,-0.010822181
19826.954,-0.002256114
19829.582,-0.006761928
19832.21,0.001804166
19834.839,-0.005316002
19837.468,-0.005115894
19840.097,-0.00282427
19842.726,-0.010467273
19845.355,-0.008175623
19847.984,-0.007452587
19850.614,0.011048241
19853.244,0.0096798
19855.874,0.000468236
19858.504,0.010080214
19861.134,0.005051683
19863.765,0.01309506
19866.396,0.010158058
19869.026,0.01977009
19871.658,0.010035729
19874.289,0.016510532
19876.92,0.017233714
19879.552,0.018479785
19882.183,0.02966051
19884.815,0.025154974
19887.447,0.031629843
19890.08,0.019281196
19892.712,0.023141713
19895.345,0.022819236
19897.978,0.01413076
19900.61,0.02008282
19903.244,0.009302866
19905.877,0.006888939
19908.51,0.00395215
19911.144,0.015133021
19913.778,0.009059003
19916.412,0.018148397
19919.046,0.003708393
19921.68,0.001817421
19924.315,0.010383979
19926.95,-0.00091873
19929.584,0.009739358
19932.22,0.006802687
19934.855,0.009617665
19937.49,0.016092786
19940.126,0.009496025
19942.761,0.02381431
19945.397,0.008328686
19948.033,0.014280984
19950.67,0.006115649
19953.306,0.005793464
19955.943,0.005471292
19958.58,-0.001648252
19961.217,-0.004584776
19963.854,-0.017978803
19966.491,-0.008366281
19969.128,-0.010257014
19971.766,-0.011101982
19974.404,-0.008286806
19977.042,-0.016452009
19979.68,-0.016251186
19982.319,-0.016050349
19984.957,-0.015849499
19987.596,-0.015648636
19990.235,-0.015447759
19992.874,-0.015246869
19995.513,-0.015045966
